"DT_GERACAO";"HH_GERACAO";"ANO_ELEICAO";"CD_TIPO_ELEICAO";"NM_TIPO_ELEICAO";"CD_ELEICAO";"DS_ELEICAO";"DT_ELEICAO";"DT_POSSE";"SG_UF";"SG_UE";"NM_UE";"CD_CARGO";"DS_CARGO";"QT_VAGA"
"08/10/2024";"12:05:07";2024;2;"Eleição Ordinária";619;"Eleições Municipais 2024";"06/10/2024";"01/01/2025";"GO";"94757";"MOSSÂMEDES";11;"Prefeito";1
"08/10/2024";"12:05:07";2024;2;"Eleição Ordinária";619;"Eleições Municipais 2024";"06/10/2024";"01/01/2025";"GO";"94757";"MOSSÂMEDES";12;"Vice-prefeito";1
"08/10/2024";"12:05:07";2024;2;"Eleição Ordinária";619;"Eleições Municipais 2024";"06/10/2024";"01/01/2025";"GO";"94757";"MOSSÂMEDES";13;"Vereador";9
"08/10/2024";"12:05:07";2024;2;"Eleição Ordinária";619;"Eleições Municipais 2024";"06/10/2024";"01/01/2025";"GO";"94790";"MUTUNÓPOLIS";11;"Prefeito";1
"08/10/2024";"12:05:07";2024;2;"Eleição Ordinária";619;"Eleições Municipais 2024";"06/10/2024";"01/01/2025";"GO";"94790";"MUTUNÓPOLIS";12;"Vice-prefeito";1
"08/10/2024";"12:05:07";2024;2;"Eleição Ordinária";619;"Eleições Municipais 2024";"06/10/2024";"01/01/2025";"GO";"94790";"MUTUNÓPOLIS";13;"Vereador";9
"08/10/2024";"12:05:07";2024;2;"Eleição Ordinária";619;"Eleições Municipais 2024";"06/10/2024";"01/01/2025";"GO";"94854";"NAZÁRIO";11;"Prefeito";1
"08/10/2024";"12:05:07";2024;2;"Eleição Ordinária";619;"Eleições Municipais 2024";"06/10/2024";"01/01/2025";"GO";"94854";"NAZÁRIO";12;"Vice-prefeito";1
"08/10/2024";"12:05:07";2024;2;"Eleição Ordinária";619;"Eleições Municipais 2024";"06/10/2024";"01/01/2025";"GO";"94854";"NAZÁRIO";13;"Vereador";9
"08/10/2024";"12:05:07";2024;2;"Eleição Ordinária";619;"Eleições Municipais 2024";"06/10/2024";"01/01/2025";"GO";"94897";"NIQUELÂNDIA";11;"Prefeito";1
"08/10/2024";"12:05:07";2024;2;"Eleição Ordinária";619;"Eleições Municipais 2024";"06/10/2024";"01/01/2025";"GO";"94897";"NIQUELÂNDIA";12;"Vice-prefeito";1
"08/10/2024";"12:05:07";2024;2;"Eleição Ordinária";619;"Eleições Municipais 2024";"06/10/2024";"01/01/2025";"GO";"94897";"NIQUELÂNDIA";13;"Vereador";13
"08/10/2024";"12:05:07";2024;2;"Eleição Ordinária";619;"Eleições Municipais 2024";"06/10/2024";"01/01/2025";"GO";"94935";"NOVA AURORA";11;"Prefeito";1
"08/10/2024";"12:05:07";2024;2;"Eleição Ordinária";619;"Eleições Municipais 2024";"06/10/2024";"01/01/2025";"GO";"94935";"NOVA AURORA";12;"Vice-prefeito";1
"08/10/2024";"12:05:07";2024;2;"Eleição Ordinária";619;"Eleições Municipais 2024";"06/10/2024";"01/01/2025";"GO";"94935";"NOVA AURORA";13;"Vereador";9
"08/10/2024";"12:05:07";2024;2;"Eleição Ordinária";619;"Eleições Municipais 2024";"06/10/2024";"01/01/2025";"GO";"96539";"NOVA CRIXÁS";11;"Prefeito";1
"08/10/2024";"12:05:07";2024;2;"Eleição Ordinária";619;"Eleições Municipais 2024";"06/10/2024";"01/01/2025";"GO";"96539";"NOVA CRIXÁS";12;"Vice-prefeito";1
"08/10/2024";"12:05:07";2024;2;"Eleição Ordinária";619;"Eleições Municipais 2024";"06/10/2024";"01/01/2025";"GO";"96539";"NOVA CRIXÁS";13;"Vereador";9
"08/10/2024";"12:05:07";2024;2;"Eleição Ordinária";619;"Eleições Municipais 2024";"06/10/2024";"01/01/2025";"GO";"93084";"NOVA IGUAÇU DE GOIÁS";11;"Prefeito";1
"08/10/2024";"12:05:07";2024;2;"Eleição Ordinária";619;"Eleições Municipais 2024";"06/10/2024";"01/01/2025";"GO";"93084";"NOVA IGUAÇU DE GOIÁS";12;"Vice-prefeito";1
"08/10/2024";"12:05:07";2024;2;"Eleição Ordinária";619;"Eleições Municipais 2024";"06/10/2024";"01/01/2025";"GO";"93084";"NOVA IGUAÇU DE GOIÁS";13;"Vereador";9
"08/10/2024";"12:05:07";2024;2;"Eleição Ordinária";619;"Eleições Municipais 2024";"06/10/2024";"01/01/2025";"GO";"94978";"NOVA VENEZA";11;"Prefeito";1
"08/10/2024";"12:05:07";2024;2;"Eleição Ordinária";619;"Eleições Municipais 2024";"06/10/2024";"01/01/2025";"GO";"94978";"NOVA VENEZA";12;"Vice-prefeito";1
"08/10/2024";"12:05:07";2024;2;"Eleição Ordinária";619;"Eleições Municipais 2024";"06/10/2024";"01/01/2025";"GO";"94978";"NOVA VENEZA";13;"Vereador";9
"08/10/2024";"12:05:07";2024;2;"Eleição Ordinária";619;"Eleições Municipais 2024";"06/10/2024";"01/01/2025";"GO";"95010";"NOVO BRASIL";11;"Prefeito";1
"08/10/2024";"12:05:07";2024;2;"Eleição Ordinária";619;"Eleições Municipais 2024";"06/10/2024";"01/01/2025";"GO";"95010";"NOVO BRASIL";12;"Vice-prefeito";1
"08/10/2024";"12:05:07";2024;2;"Eleição Ordinária";619;"Eleições Municipais 2024";"06/10/2024";"01/01/2025";"GO";"95010";"NOVO BRASIL";13;"Vereador";9
"08/10/2024";"12:05:07";2024;2;"Eleição Ordinária";619;"Eleições Municipais 2024";"06/10/2024";"01/01/2025";"GO";"92444";"NOVO PLANALTO";11;"Prefeito";1
"08/10/2024";"12:05:07";2024;2;"Eleição Ordinária";619;"Eleições Municipais 2024";"06/10/2024";"01/01/2025";"GO";"92444";"NOVO PLANALTO";12;"Vice-prefeito";1
"08/10/2024";"12:05:07";2024;2;"Eleição Ordinária";619;"Eleições Municipais 2024";"06/10/2024";"01/01/2025";"GO";"92444";"NOVO PLANALTO";13;"Vereador";9
"08/10/2024";"12:05:07";2024;2;"Eleição Ordinária";619;"Eleições Municipais 2024";"06/10/2024";"01/01/2025";"GO";"95052";"OURO VERDE DE GOIÁS";11;"Prefeito";1
"08/10/2024";"12:05:07";2024;2;"Eleição Ordinária";619;"Eleições Municipais 2024";"06/10/2024";"01/01/2025";"GO";"95052";"OURO VERDE DE GOIÁS";12;"Vice-prefeito";1
"08/10/2024";"12:05:07";2024;2;"Eleição Ordinária";619;"Eleições Municipais 2024";"06/10/2024";"01/01/2025";"GO";"95052";"OURO VERDE DE GOIÁS";13;"Vereador";9
"08/10/2024";"12:05:07";2024;2;"Eleição Ordinária";619;"Eleições Municipais 2024";"06/10/2024";"01/01/2025";"GO";"95095";"PADRE BERNARDO";11;"Prefeito";1
"08/10/2024";"12:05:07";2024;2;"Eleição Ordinária";619;"Eleições Municipais 2024";"06/10/2024";"01/01/2025";"GO";"95095";"PADRE BERNARDO";12;"Vice-prefeito";1
"08/10/2024";"12:05:07";2024;2;"Eleição Ordinária";619;"Eleições Municipais 2024";"06/10/2024";"01/01/2025";"GO";"95095";"PADRE BERNARDO";13;"Vereador";13
"08/10/2024";"12:05:07";2024;2;"Eleição Ordinária";619;"Eleições Municipais 2024";"06/10/2024";"01/01/2025";"GO";"95133";"PALMELO";11;"Prefeito";1
"08/10/2024";"12:05:07";2024;2;"Eleição Ordinária";619;"Eleições Municipais 2024";"06/10/2024";"01/01/2025";"GO";"95133";"PALMELO";12;"Vice-prefeito";1
"08/10/2024";"12:05:07";2024;2;"Eleição Ordinária";619;"Eleições Municipais 2024";"06/10/2024";"01/01/2025";"GO";"95133";"PALMELO";13;"Vereador";9
"08/10/2024";"12:05:07";2024;2;"Eleição Ordinária";619;"Eleições Municipais 2024";"06/10/2024";"01/01/2025";"GO";"95150";"PALMINÓPOLIS";11;"Prefeito";1
"08/10/2024";"12:05:07";2024;2;"Eleição Ordinária";619;"Eleições Municipais 2024";"06/10/2024";"01/01/2025";"GO";"95150";"PALMINÓPOLIS";12;"Vice-prefeito";1
"08/10/2024";"12:05:07";2024;2;"Eleição Ordinária";619;"Eleições Municipais 2024";"06/10/2024";"01/01/2025";"GO";"95150";"PALMINÓPOLIS";13;"Vereador";9
"08/10/2024";"12:05:07";2024;2;"Eleição Ordinária";619;"Eleições Municipais 2024";"06/10/2024";"01/01/2025";"GO";"94552";"PARANAIGUARA";11;"Prefeito";1
"08/10/2024";"12:05:07";2024;2;"Eleição Ordinária";619;"Eleições Municipais 2024";"06/10/2024";"01/01/2025";"GO";"94552";"PARANAIGUARA";12;"Vice-prefeito";1
"08/10/2024";"12:05:07";2024;2;"Eleição Ordinária";619;"Eleições Municipais 2024";"06/10/2024";"01/01/2025";"GO";"94552";"PARANAIGUARA";13;"Vereador";9
"08/10/2024";"12:05:07";2024;2;"Eleição Ordinária";619;"Eleições Municipais 2024";"06/10/2024";"01/01/2025";"GO";"95230";"PARAÚNA";11;"Prefeito";1
"08/10/2024";"12:05:07";2024;2;"Eleição Ordinária";619;"Eleições Municipais 2024";"06/10/2024";"01/01/2025";"GO";"95230";"PARAÚNA";12;"Vice-prefeito";1
"08/10/2024";"12:05:07";2024;2;"Eleição Ordinária";619;"Eleições Municipais 2024";"06/10/2024";"01/01/2025";"GO";"95230";"PARAÚNA";13;"Vereador";9
"08/10/2024";"12:05:07";2024;2;"Eleição Ordinária";619;"Eleições Municipais 2024";"06/10/2024";"01/01/2025";"GO";"93068";"PEROLÂNDIA";11;"Prefeito";1
"08/10/2024";"12:05:07";2024;2;"Eleição Ordinária";619;"Eleições Municipais 2024";"06/10/2024";"01/01/2025";"GO";"93068";"PEROLÂNDIA";12;"Vice-prefeito";1
"08/10/2024";"12:05:07";2024;2;"Eleição Ordinária";619;"Eleições Municipais 2024";"06/10/2024";"01/01/2025";"GO";"93068";"PEROLÂNDIA";13;"Vereador";9
"08/10/2024";"12:05:07";2024;2;"Eleição Ordinária";619;"Eleições Municipais 2024";"06/10/2024";"01/01/2025";"GO";"95354";"PILAR DE GOIÁS";11;"Prefeito";1
"08/10/2024";"12:05:07";2024;2;"Eleição Ordinária";619;"Eleições Municipais 2024";"06/10/2024";"01/01/2025";"GO";"95354";"PILAR DE GOIÁS";12;"Vice-prefeito";1
"08/10/2024";"12:05:07";2024;2;"Eleição Ordinária";619;"Eleições Municipais 2024";"06/10/2024";"01/01/2025";"GO";"95354";"PILAR DE GOIÁS";13;"Vereador";9
"08/10/2024";"12:05:07";2024;2;"Eleição Ordinária";619;"Eleições Municipais 2024";"06/10/2024";"01/01/2025";"GO";"95630";"QUIRINÓPOLIS";11;"Prefeito";1
"08/10/2024";"12:05:07";2024;2;"Eleição Ordinária";619;"Eleições Municipais 2024";"06/10/2024";"01/01/2025";"GO";"95630";"QUIRINÓPOLIS";12;"Vice-prefeito";1
"08/10/2024";"12:05:07";2024;2;"Eleição Ordinária";619;"Eleições Municipais 2024";"06/10/2024";"01/01/2025";"GO";"95630";"QUIRINÓPOLIS";13;"Vereador";13
"08/10/2024";"12:05:07";2024;2;"Eleição Ordinária";619;"Eleições Municipais 2024";"06/10/2024";"01/01/2025";"GO";"95656";"RIALMA";11;"Prefeito";1
"08/10/2024";"12:05:07";2024;2;"Eleição Ordinária";619;"Eleições Municipais 2024";"06/10/2024";"01/01/2025";"GO";"95656";"RIALMA";12;"Vice-prefeito";1
"08/10/2024";"12:05:07";2024;2;"Eleição Ordinária";619;"Eleições Municipais 2024";"06/10/2024";"01/01/2025";"GO";"95656";"RIALMA";13;"Vereador";9
"08/10/2024";"12:05:07";2024;2;"Eleição Ordinária";619;"Eleições Municipais 2024";"06/10/2024";"01/01/2025";"GO";"95672";"RIANÁPOLIS";11;"Prefeito";1
"08/10/2024";"12:05:07";2024;2;"Eleição Ordinária";619;"Eleições Municipais 2024";"06/10/2024";"01/01/2025";"GO";"95672";"RIANÁPOLIS";12;"Vice-prefeito";1
"08/10/2024";"12:05:07";2024;2;"Eleição Ordinária";619;"Eleições Municipais 2024";"06/10/2024";"01/01/2025";"GO";"95672";"RIANÁPOLIS";13;"Vereador";9
"08/10/2024";"12:05:07";2024;2;"Eleição Ordinária";619;"Eleições Municipais 2024";"06/10/2024";"01/01/2025";"GO";"92827";"RIO QUENTE";11;"Prefeito";1
"08/10/2024";"12:05:07";2024;2;"Eleição Ordinária";619;"Eleições Municipais 2024";"06/10/2024";"01/01/2025";"GO";"92827";"RIO QUENTE";12;"Vice-prefeito";1
"08/10/2024";"12:05:07";2024;2;"Eleição Ordinária";619;"Eleições Municipais 2024";"06/10/2024";"01/01/2025";"GO";"92827";"RIO QUENTE";13;"Vereador";9
"08/10/2024";"12:05:07";2024;2;"Eleição Ordinária";619;"Eleições Municipais 2024";"06/10/2024";"01/01/2025";"GO";"95710";"RIO VERDE";11;"Prefeito";1
"08/10/2024";"12:05:07";2024;2;"Eleição Ordinária";619;"Eleições Municipais 2024";"06/10/2024";"01/01/2025";"GO";"95710";"RIO VERDE";12;"Vice-prefeito";1
"08/10/2024";"12:05:07";2024;2;"Eleição Ordinária";619;"Eleições Municipais 2024";"06/10/2024";"01/01/2025";"GO";"95710";"RIO VERDE";13;"Vereador";21
"08/10/2024";"12:05:07";2024;2;"Eleição Ordinária";619;"Eleições Municipais 2024";"06/10/2024";"01/01/2025";"GO";"95737";"RUBIATABA";11;"Prefeito";1
"08/10/2024";"12:05:07";2024;2;"Eleição Ordinária";619;"Eleições Municipais 2024";"06/10/2024";"01/01/2025";"GO";"95737";"RUBIATABA";12;"Vice-prefeito";1
"08/10/2024";"12:05:07";2024;2;"Eleição Ordinária";619;"Eleições Municipais 2024";"06/10/2024";"01/01/2025";"GO";"95737";"RUBIATABA";13;"Vereador";11
"08/10/2024";"12:05:07";2024;2;"Eleição Ordinária";619;"Eleições Municipais 2024";"06/10/2024";"01/01/2025";"GO";"95753";"SANCLERLÂNDIA";11;"Prefeito";1
"08/10/2024";"12:05:07";2024;2;"Eleição Ordinária";619;"Eleições Municipais 2024";"06/10/2024";"01/01/2025";"GO";"95753";"SANCLERLÂNDIA";12;"Vice-prefeito";1
"08/10/2024";"12:05:07";2024;2;"Eleição Ordinária";619;"Eleições Municipais 2024";"06/10/2024";"01/01/2025";"GO";"95753";"SANCLERLÂNDIA";13;"Vereador";9
"08/10/2024";"12:05:07";2024;2;"Eleição Ordinária";619;"Eleições Municipais 2024";"06/10/2024";"01/01/2025";"GO";"95770";"SANTA BÁRBARA DE GOIÁS";11;"Prefeito";1
"08/10/2024";"12:05:07";2024;2;"Eleição Ordinária";619;"Eleições Municipais 2024";"06/10/2024";"01/01/2025";"GO";"95770";"SANTA BÁRBARA DE GOIÁS";12;"Vice-prefeito";1
"08/10/2024";"12:05:07";2024;2;"Eleição Ordinária";619;"Eleições Municipais 2024";"06/10/2024";"01/01/2025";"GO";"95770";"SANTA BÁRBARA DE GOIÁS";13;"Vereador";9
"08/10/2024";"12:05:07";2024;2;"Eleição Ordinária";619;"Eleições Municipais 2024";"06/10/2024";"01/01/2025";"GO";"95796";"SANTA CRUZ DE GOIÁS";11;"Prefeito";1
"08/10/2024";"12:05:07";2024;2;"Eleição Ordinária";619;"Eleições Municipais 2024";"06/10/2024";"01/01/2025";"GO";"95796";"SANTA CRUZ DE GOIÁS";12;"Vice-prefeito";1
"08/10/2024";"12:05:07";2024;2;"Eleição Ordinária";619;"Eleições Municipais 2024";"06/10/2024";"01/01/2025";"GO";"95796";"SANTA CRUZ DE GOIÁS";13;"Vereador";9
"08/10/2024";"12:05:07";2024;2;"Eleição Ordinária";619;"Eleições Municipais 2024";"06/10/2024";"01/01/2025";"GO";"92568";"SANTA FÉ DE GOIÁS";11;"Prefeito";1
"08/10/2024";"12:05:07";2024;2;"Eleição Ordinária";619;"Eleições Municipais 2024";"06/10/2024";"01/01/2025";"GO";"92568";"SANTA FÉ DE GOIÁS";12;"Vice-prefeito";1
"08/10/2024";"12:05:07";2024;2;"Eleição Ordinária";619;"Eleições Municipais 2024";"06/10/2024";"01/01/2025";"GO";"92568";"SANTA FÉ DE GOIÁS";13;"Vereador";9
"08/10/2024";"12:05:07";2024;2;"Eleição Ordinária";619;"Eleições Municipais 2024";"06/10/2024";"01/01/2025";"GO";"95818";"SANTA HELENA DE GOIÁS";11;"Prefeito";1
"08/10/2024";"12:05:07";2024;2;"Eleição Ordinária";619;"Eleições Municipais 2024";"06/10/2024";"01/01/2025";"GO";"95818";"SANTA HELENA DE GOIÁS";12;"Vice-prefeito";1
"08/10/2024";"12:05:07";2024;2;"Eleição Ordinária";619;"Eleições Municipais 2024";"06/10/2024";"01/01/2025";"GO";"95818";"SANTA HELENA DE GOIÁS";13;"Vereador";13
"08/10/2024";"12:05:07";2024;2;"Eleição Ordinária";619;"Eleições Municipais 2024";"06/10/2024";"01/01/2025";"GO";"96890";"SANTA ISABEL";11;"Prefeito";1
"08/10/2024";"12:05:07";2024;2;"Eleição Ordinária";619;"Eleições Municipais 2024";"06/10/2024";"01/01/2025";"GO";"96890";"SANTA ISABEL";12;"Vice-prefeito";1
"08/10/2024";"12:05:07";2024;2;"Eleição Ordinária";619;"Eleições Municipais 2024";"06/10/2024";"01/01/2025";"GO";"96890";"SANTA ISABEL";13;"Vereador";9
"08/10/2024";"12:05:07";2024;2;"Eleição Ordinária";619;"Eleições Municipais 2024";"06/10/2024";"01/01/2025";"GO";"95834";"SANTA RITA DO ARAGUAIA";11;"Prefeito";1
"08/10/2024";"12:05:07";2024;2;"Eleição Ordinária";619;"Eleições Municipais 2024";"06/10/2024";"01/01/2025";"GO";"95834";"SANTA RITA DO ARAGUAIA";12;"Vice-prefeito";1
"08/10/2024";"12:05:07";2024;2;"Eleição Ordinária";619;"Eleições Municipais 2024";"06/10/2024";"01/01/2025";"GO";"95834";"SANTA RITA DO ARAGUAIA";13;"Vereador";9
"08/10/2024";"12:05:07";2024;2;"Eleição Ordinária";619;"Eleições Municipais 2024";"06/10/2024";"01/01/2025";"GO";"93440";"SANTA RITA DO NOVO DESTINO";11;"Prefeito";1
"08/10/2024";"12:05:07";2024;2;"Eleição Ordinária";619;"Eleições Municipais 2024";"06/10/2024";"01/01/2025";"GO";"93440";"SANTA RITA DO NOVO DESTINO";12;"Vice-prefeito";1
"08/10/2024";"12:05:07";2024;2;"Eleição Ordinária";619;"Eleições Municipais 2024";"06/10/2024";"01/01/2025";"GO";"93440";"SANTA RITA DO NOVO DESTINO";13;"Vereador";9
"08/10/2024";"12:05:07";2024;2;"Eleição Ordinária";619;"Eleições Municipais 2024";"06/10/2024";"01/01/2025";"GO";"95850";"SANTA ROSA DE GOIÁS";11;"Prefeito";1
"08/10/2024";"12:05:07";2024;2;"Eleição Ordinária";619;"Eleições Municipais 2024";"06/10/2024";"01/01/2025";"GO";"95850";"SANTA ROSA DE GOIÁS";12;"Vice-prefeito";1
"08/10/2024";"12:05:07";2024;2;"Eleição Ordinária";619;"Eleições Municipais 2024";"06/10/2024";"01/01/2025";"GO";"95850";"SANTA ROSA DE GOIÁS";13;"Vereador";9
"08/10/2024";"12:05:07";2024;2;"Eleição Ordinária";619;"Eleições Municipais 2024";"06/10/2024";"01/01/2025";"GO";"95877";"SANTA TEREZA DE GOIÁS";11;"Prefeito";1
"08/10/2024";"12:05:07";2024;2;"Eleição Ordinária";619;"Eleições Municipais 2024";"06/10/2024";"01/01/2025";"GO";"95877";"SANTA TEREZA DE GOIÁS";12;"Vice-prefeito";1
"08/10/2024";"12:05:07";2024;2;"Eleição Ordinária";619;"Eleições Municipais 2024";"06/10/2024";"01/01/2025";"GO";"95877";"SANTA TEREZA DE GOIÁS";13;"Vereador";9
"08/10/2024";"12:05:07";2024;2;"Eleição Ordinária";619;"Eleições Municipais 2024";"06/10/2024";"01/01/2025";"GO";"95893";"SANTA TEREZINHA DE GOIÁS";11;"Prefeito";1
"08/10/2024";"12:05:07";2024;2;"Eleição Ordinária";619;"Eleições Municipais 2024";"06/10/2024";"01/01/2025";"GO";"95893";"SANTA TEREZINHA DE GOIÁS";12;"Vice-prefeito";1
"08/10/2024";"12:05:07";2024;2;"Eleição Ordinária";619;"Eleições Municipais 2024";"06/10/2024";"01/01/2025";"GO";"95893";"SANTA TEREZINHA DE GOIÁS";13;"Vereador";9
"08/10/2024";"12:05:07";2024;2;"Eleição Ordinária";619;"Eleições Municipais 2024";"06/10/2024";"01/01/2025";"GO";"93203";"SANTO ANTÔNIO DA BARRA";11;"Prefeito";1
"08/10/2024";"12:05:07";2024;2;"Eleição Ordinária";619;"Eleições Municipais 2024";"06/10/2024";"01/01/2025";"GO";"93203";"SANTO ANTÔNIO DA BARRA";12;"Vice-prefeito";1
"08/10/2024";"12:05:07";2024;2;"Eleição Ordinária";619;"Eleições Municipais 2024";"06/10/2024";"01/01/2025";"GO";"93203";"SANTO ANTÔNIO DA BARRA";13;"Vereador";9
"08/10/2024";"12:05:07";2024;2;"Eleição Ordinária";619;"Eleições Municipais 2024";"06/10/2024";"01/01/2025";"GO";"92908";"SANTO ANTÔNIO DE GOIÁS";11;"Prefeito";1
"08/10/2024";"12:05:07";2024;2;"Eleição Ordinária";619;"Eleições Municipais 2024";"06/10/2024";"01/01/2025";"GO";"92908";"SANTO ANTÔNIO DE GOIÁS";12;"Vice-prefeito";1
"08/10/2024";"12:05:07";2024;2;"Eleição Ordinária";619;"Eleições Municipais 2024";"06/10/2024";"01/01/2025";"GO";"92908";"SANTO ANTÔNIO DE GOIÁS";13;"Vereador";9
"08/10/2024";"12:05:07";2024;2;"Eleição Ordinária";619;"Eleições Municipais 2024";"06/10/2024";"01/01/2025";"GO";"96776";"SANTO ANTÔNIO DO DESCOBERTO";11;"Prefeito";1
"08/10/2024";"12:05:07";2024;2;"Eleição Ordinária";619;"Eleições Municipais 2024";"06/10/2024";"01/01/2025";"GO";"96776";"SANTO ANTÔNIO DO DESCOBERTO";12;"Vice-prefeito";1
"08/10/2024";"12:05:07";2024;2;"Eleição Ordinária";619;"Eleições Municipais 2024";"06/10/2024";"01/01/2025";"GO";"96776";"SANTO ANTÔNIO DO DESCOBERTO";13;"Vereador";15
"08/10/2024";"12:05:07";2024;2;"Eleição Ordinária";619;"Eleições Municipais 2024";"06/10/2024";"01/01/2025";"GO";"95915";"SÃO DOMINGOS";11;"Prefeito";1
"08/10/2024";"12:05:07";2024;2;"Eleição Ordinária";619;"Eleições Municipais 2024";"06/10/2024";"01/01/2025";"GO";"95915";"SÃO DOMINGOS";12;"Vice-prefeito";1
"08/10/2024";"12:05:07";2024;2;"Eleição Ordinária";619;"Eleições Municipais 2024";"06/10/2024";"01/01/2025";"GO";"95915";"SÃO DOMINGOS";13;"Vereador";9
"08/10/2024";"12:05:07";2024;2;"Eleição Ordinária";619;"Eleições Municipais 2024";"06/10/2024";"01/01/2025";"GO";"95931";"SÃO FRANCISCO DE GOIÁS";11;"Prefeito";1
"08/10/2024";"12:05:07";2024;2;"Eleição Ordinária";619;"Eleições Municipais 2024";"06/10/2024";"01/01/2025";"GO";"95931";"SÃO FRANCISCO DE GOIÁS";12;"Vice-prefeito";1
"08/10/2024";"12:05:07";2024;2;"Eleição Ordinária";619;"Eleições Municipais 2024";"06/10/2024";"01/01/2025";"GO";"95931";"SÃO FRANCISCO DE GOIÁS";13;"Vereador";9
"08/10/2024";"12:05:07";2024;2;"Eleição Ordinária";619;"Eleições Municipais 2024";"06/10/2024";"01/01/2025";"GO";"92622";"SÃO JOÃO DA PARAÚNA";11;"Prefeito";1
"08/10/2024";"12:05:07";2024;2;"Eleição Ordinária";619;"Eleições Municipais 2024";"06/10/2024";"01/01/2025";"GO";"92622";"SÃO JOÃO DA PARAÚNA";12;"Vice-prefeito";1
"08/10/2024";"12:05:07";2024;2;"Eleição Ordinária";619;"Eleições Municipais 2024";"06/10/2024";"01/01/2025";"GO";"92622";"SÃO JOÃO DA PARAÚNA";13;"Vereador";9
"08/10/2024";"12:05:07";2024;2;"Eleição Ordinária";619;"Eleições Municipais 2024";"06/10/2024";"01/01/2025";"GO";"95974";"SÃO JOÃO D ALIANÇA";11;"Prefeito";1
"08/10/2024";"12:05:07";2024;2;"Eleição Ordinária";619;"Eleições Municipais 2024";"06/10/2024";"01/01/2025";"GO";"95974";"SÃO JOÃO D ALIANÇA";12;"Vice-prefeito";1
"08/10/2024";"12:05:07";2024;2;"Eleição Ordinária";619;"Eleições Municipais 2024";"06/10/2024";"01/01/2025";"GO";"95974";"SÃO JOÃO D ALIANÇA";13;"Vereador";9
"08/10/2024";"12:05:07";2024;2;"Eleição Ordinária";619;"Eleições Municipais 2024";"06/10/2024";"01/01/2025";"GO";"95990";"SÃO LUÍS DE MONTES BELOS";11;"Prefeito";1
"08/10/2024";"12:05:07";2024;2;"Eleição Ordinária";619;"Eleições Municipais 2024";"06/10/2024";"01/01/2025";"GO";"95990";"SÃO LUÍS DE MONTES BELOS";12;"Vice-prefeito";1
"08/10/2024";"12:05:07";2024;2;"Eleição Ordinária";619;"Eleições Municipais 2024";"06/10/2024";"01/01/2025";"GO";"95990";"SÃO LUÍS DE MONTES BELOS";13;"Vereador";13
"08/10/2024";"12:05:07";2024;2;"Eleição Ordinária";619;"Eleições Municipais 2024";"06/10/2024";"01/01/2025";"GO";"92649";"SÃO LUIZ DO NORTE";11;"Prefeito";1
"08/10/2024";"12:05:07";2024;2;"Eleição Ordinária";619;"Eleições Municipais 2024";"06/10/2024";"01/01/2025";"GO";"92649";"SÃO LUIZ DO NORTE";12;"Vice-prefeito";1
"08/10/2024";"12:05:07";2024;2;"Eleição Ordinária";619;"Eleições Municipais 2024";"06/10/2024";"01/01/2025";"GO";"92649";"SÃO LUIZ DO NORTE";13;"Vereador";9
"08/10/2024";"12:05:07";2024;2;"Eleição Ordinária";619;"Eleições Municipais 2024";"06/10/2024";"01/01/2025";"GO";"96016";"SÃO MIGUEL DO ARAGUAIA";11;"Prefeito";1
"08/10/2024";"12:05:07";2024;2;"Eleição Ordinária";619;"Eleições Municipais 2024";"06/10/2024";"01/01/2025";"GO";"96016";"SÃO MIGUEL DO ARAGUAIA";12;"Vice-prefeito";1
"08/10/2024";"12:05:07";2024;2;"Eleição Ordinária";619;"Eleições Municipais 2024";"06/10/2024";"01/01/2025";"GO";"96016";"SÃO MIGUEL DO ARAGUAIA";13;"Vereador";11
"08/10/2024";"12:05:07";2024;2;"Eleição Ordinária";619;"Eleições Municipais 2024";"06/10/2024";"01/01/2025";"GO";"92665";"SÃO MIGUEL DO PASSA QUATRO";11;"Prefeito";1
"08/10/2024";"12:05:07";2024;2;"Eleição Ordinária";619;"Eleições Municipais 2024";"06/10/2024";"01/01/2025";"GO";"92665";"SÃO MIGUEL DO PASSA QUATRO";12;"Vice-prefeito";1
"08/10/2024";"12:05:07";2024;2;"Eleição Ordinária";619;"Eleições Municipais 2024";"06/10/2024";"01/01/2025";"GO";"92665";"SÃO MIGUEL DO PASSA QUATRO";13;"Vereador";9
"08/10/2024";"12:05:07";2024;2;"Eleição Ordinária";619;"Eleições Municipais 2024";"06/10/2024";"01/01/2025";"GO";"93483";"SÃO PATRÍCIO";11;"Prefeito";1
"08/10/2024";"12:05:07";2024;2;"Eleição Ordinária";619;"Eleições Municipais 2024";"06/10/2024";"01/01/2025";"GO";"93483";"SÃO PATRÍCIO";12;"Vice-prefeito";1
"08/10/2024";"12:05:07";2024;2;"Eleição Ordinária";619;"Eleições Municipais 2024";"06/10/2024";"01/01/2025";"GO";"93483";"SÃO PATRÍCIO";13;"Vereador";9
"08/10/2024";"12:05:07";2024;2;"Eleição Ordinária";619;"Eleições Municipais 2024";"06/10/2024";"01/01/2025";"GO";"96059";"SÃO SIMÃO";11;"Prefeito";1
"08/10/2024";"12:05:07";2024;2;"Eleição Ordinária";619;"Eleições Municipais 2024";"06/10/2024";"01/01/2025";"GO";"96059";"SÃO SIMÃO";12;"Vice-prefeito";1
"08/10/2024";"12:05:07";2024;2;"Eleição Ordinária";619;"Eleições Municipais 2024";"06/10/2024";"01/01/2025";"GO";"96059";"SÃO SIMÃO";13;"Vereador";11
"08/10/2024";"12:05:07";2024;2;"Eleição Ordinária";619;"Eleições Municipais 2024";"06/10/2024";"01/01/2025";"GO";"92703";"SENADOR CANEDO";11;"Prefeito";1
"08/10/2024";"12:05:07";2024;2;"Eleição Ordinária";619;"Eleições Municipais 2024";"06/10/2024";"01/01/2025";"GO";"92703";"SENADOR CANEDO";12;"Vice-prefeito";1
"08/10/2024";"12:05:07";2024;2;"Eleição Ordinária";619;"Eleições Municipais 2024";"06/10/2024";"01/01/2025";"GO";"92703";"SENADOR CANEDO";13;"Vereador";13
"08/10/2024";"12:05:07";2024;2;"Eleição Ordinária";619;"Eleições Municipais 2024";"06/10/2024";"01/01/2025";"GO";"96075";"SERRANÓPOLIS";11;"Prefeito";1
"08/10/2024";"12:05:07";2024;2;"Eleição Ordinária";619;"Eleições Municipais 2024";"06/10/2024";"01/01/2025";"GO";"96075";"SERRANÓPOLIS";12;"Vice-prefeito";1
"08/10/2024";"12:05:07";2024;2;"Eleição Ordinária";619;"Eleições Municipais 2024";"06/10/2024";"01/01/2025";"GO";"96075";"SERRANÓPOLIS";13;"Vereador";9
"08/10/2024";"12:05:07";2024;2;"Eleição Ordinária";619;"Eleições Municipais 2024";"06/10/2024";"01/01/2025";"GO";"96091";"SILVÂNIA";11;"Prefeito";1
"08/10/2024";"12:05:07";2024;2;"Eleição Ordinária";619;"Eleições Municipais 2024";"06/10/2024";"01/01/2025";"GO";"96091";"SILVÂNIA";12;"Vice-prefeito";1
"08/10/2024";"12:05:07";2024;2;"Eleição Ordinária";619;"Eleições Municipais 2024";"06/10/2024";"01/01/2025";"GO";"96091";"SILVÂNIA";13;"Vereador";11
"08/10/2024";"12:05:07";2024;2;"Eleição Ordinária";619;"Eleições Municipais 2024";"06/10/2024";"01/01/2025";"GO";"92720";"SIMOLÂNDIA";11;"Prefeito";1
"08/10/2024";"12:05:07";2024;2;"Eleição Ordinária";619;"Eleições Municipais 2024";"06/10/2024";"01/01/2025";"GO";"92720";"SIMOLÂNDIA";12;"Vice-prefeito";1
"08/10/2024";"12:05:07";2024;2;"Eleição Ordinária";619;"Eleições Municipais 2024";"06/10/2024";"01/01/2025";"GO";"92720";"SIMOLÂNDIA";13;"Vereador";9
"08/10/2024";"12:05:07";2024;2;"Eleição Ordinária";619;"Eleições Municipais 2024";"06/10/2024";"01/01/2025";"GO";"96113";"SÍTIO D ABADIA";11;"Prefeito";1
"08/10/2024";"12:05:07";2024;2;"Eleição Ordinária";619;"Eleições Municipais 2024";"06/10/2024";"01/01/2025";"GO";"96113";"SÍTIO D ABADIA";12;"Vice-prefeito";1
"08/10/2024";"12:05:07";2024;2;"Eleição Ordinária";619;"Eleições Municipais 2024";"06/10/2024";"01/01/2025";"GO";"96113";"SÍTIO D ABADIA";13;"Vereador";9
"08/10/2024";"12:05:07";2024;2;"Eleição Ordinária";619;"Eleições Municipais 2024";"06/10/2024";"01/01/2025";"GO";"96172";"TAQUARAL DE GOIÁS";11;"Prefeito";1
"08/10/2024";"12:05:07";2024;2;"Eleição Ordinária";619;"Eleições Municipais 2024";"06/10/2024";"01/01/2025";"GO";"96172";"TAQUARAL DE GOIÁS";12;"Vice-prefeito";1
"08/10/2024";"12:05:07";2024;2;"Eleição Ordinária";619;"Eleições Municipais 2024";"06/10/2024";"01/01/2025";"GO";"96172";"TAQUARAL DE GOIÁS";13;"Vereador";9
"08/10/2024";"12:05:07";2024;2;"Eleição Ordinária";619;"Eleições Municipais 2024";"06/10/2024";"01/01/2025";"GO";"92762";"TERESINA DE GOIÁS";11;"Prefeito";1
"08/10/2024";"12:05:07";2024;2;"Eleição Ordinária";619;"Eleições Municipais 2024";"06/10/2024";"01/01/2025";"GO";"92762";"TERESINA DE GOIÁS";12;"Vice-prefeito";1
"08/10/2024";"12:05:07";2024;2;"Eleição Ordinária";619;"Eleições Municipais 2024";"06/10/2024";"01/01/2025";"GO";"92762";"TERESINA DE GOIÁS";13;"Vereador";9
"08/10/2024";"12:05:07";2024;2;"Eleição Ordinária";619;"Eleições Municipais 2024";"06/10/2024";"01/01/2025";"GO";"93220";"TEREZÓPOLIS DE GOIÁS";11;"Prefeito";1
"08/10/2024";"12:05:07";2024;2;"Eleição Ordinária";619;"Eleições Municipais 2024";"06/10/2024";"01/01/2025";"GO";"93220";"TEREZÓPOLIS DE GOIÁS";12;"Vice-prefeito";1
"08/10/2024";"12:05:07";2024;2;"Eleição Ordinária";619;"Eleições Municipais 2024";"06/10/2024";"01/01/2025";"GO";"93220";"TEREZÓPOLIS DE GOIÁS";13;"Vereador";9
"08/10/2024";"12:05:07";2024;2;"Eleição Ordinária";619;"Eleições Municipais 2024";"06/10/2024";"01/01/2025";"GO";"96237";"TRÊS RANCHOS";11;"Prefeito";1
"08/10/2024";"12:05:07";2024;2;"Eleição Ordinária";619;"Eleições Municipais 2024";"06/10/2024";"01/01/2025";"GO";"96237";"TRÊS RANCHOS";12;"Vice-prefeito";1
"08/10/2024";"12:05:07";2024;2;"Eleição Ordinária";619;"Eleições Municipais 2024";"06/10/2024";"01/01/2025";"GO";"96237";"TRÊS RANCHOS";13;"Vereador";9
"08/10/2024";"12:05:07";2024;2;"Eleição Ordinária";619;"Eleições Municipais 2024";"06/10/2024";"01/01/2025";"GO";"96253";"TRINDADE";11;"Prefeito";1
"08/10/2024";"12:05:07";2024;2;"Eleição Ordinária";619;"Eleições Municipais 2024";"06/10/2024";"01/01/2025";"GO";"96253";"TRINDADE";12;"Vice-prefeito";1
"08/10/2024";"12:05:07";2024;2;"Eleição Ordinária";619;"Eleições Municipais 2024";"06/10/2024";"01/01/2025";"GO";"96253";"TRINDADE";13;"Vereador";19
"08/10/2024";"12:05:07";2024;2;"Eleição Ordinária";619;"Eleições Municipais 2024";"06/10/2024";"01/01/2025";"GO";"92789";"TROMBAS";11;"Prefeito";1
"08/10/2024";"12:05:07";2024;2;"Eleição Ordinária";619;"Eleições Municipais 2024";"06/10/2024";"01/01/2025";"GO";"92789";"TROMBAS";12;"Vice-prefeito";1
"08/10/2024";"12:05:07";2024;2;"Eleição Ordinária";619;"Eleições Municipais 2024";"06/10/2024";"01/01/2025";"GO";"92789";"TROMBAS";13;"Vereador";9
"08/10/2024";"12:05:07";2024;2;"Eleição Ordinária";619;"Eleições Municipais 2024";"06/10/2024";"01/01/2025";"GO";"96318";"TURVÂNIA";11;"Prefeito";1
"08/10/2024";"12:05:07";2024;2;"Eleição Ordinária";619;"Eleições Municipais 2024";"06/10/2024";"01/01/2025";"GO";"96318";"TURVÂNIA";12;"Vice-prefeito";1
"08/10/2024";"12:05:07";2024;2;"Eleição Ordinária";619;"Eleições Municipais 2024";"06/10/2024";"01/01/2025";"GO";"96318";"TURVÂNIA";13;"Vereador";9
"08/10/2024";"12:05:07";2024;2;"Eleição Ordinária";619;"Eleições Municipais 2024";"06/10/2024";"01/01/2025";"GO";"92800";"TURVELÂNDIA";11;"Prefeito";1
"08/10/2024";"12:05:07";2024;2;"Eleição Ordinária";619;"Eleições Municipais 2024";"06/10/2024";"01/01/2025";"GO";"92800";"TURVELÂNDIA";12;"Vice-prefeito";1
"08/10/2024";"12:05:07";2024;2;"Eleição Ordinária";619;"Eleições Municipais 2024";"06/10/2024";"01/01/2025";"GO";"92800";"TURVELÂNDIA";13;"Vereador";9
"08/10/2024";"12:05:07";2024;2;"Eleição Ordinária";619;"Eleições Municipais 2024";"06/10/2024";"01/01/2025";"GO";"93246";"UIRAPURU";11;"Prefeito";1
"08/10/2024";"12:05:07";2024;2;"Eleição Ordinária";619;"Eleições Municipais 2024";"06/10/2024";"01/01/2025";"GO";"93246";"UIRAPURU";12;"Vice-prefeito";1
"08/10/2024";"12:05:07";2024;2;"Eleição Ordinária";619;"Eleições Municipais 2024";"06/10/2024";"01/01/2025";"GO";"93246";"UIRAPURU";13;"Vereador";9
"08/10/2024";"12:05:07";2024;2;"Eleição Ordinária";619;"Eleições Municipais 2024";"06/10/2024";"01/01/2025";"GO";"96334";"URUAÇU";11;"Prefeito";1
"08/10/2024";"12:05:07";2024;2;"Eleição Ordinária";619;"Eleições Municipais 2024";"06/10/2024";"01/01/2025";"GO";"96334";"URUAÇU";12;"Vice-prefeito";1
"08/10/2024";"12:05:07";2024;2;"Eleição Ordinária";619;"Eleições Municipais 2024";"06/10/2024";"01/01/2025";"GO";"96334";"URUAÇU";13;"Vereador";13
"08/10/2024";"12:05:07";2024;2;"Eleição Ordinária";619;"Eleições Municipais 2024";"06/10/2024";"01/01/2025";"GO";"96350";"URUANA";11;"Prefeito";1
"08/10/2024";"12:05:07";2024;2;"Eleição Ordinária";619;"Eleições Municipais 2024";"06/10/2024";"01/01/2025";"GO";"96350";"URUANA";12;"Vice-prefeito";1
"08/10/2024";"12:05:07";2024;2;"Eleição Ordinária";619;"Eleições Municipais 2024";"06/10/2024";"01/01/2025";"GO";"96350";"URUANA";13;"Vereador";9
"08/10/2024";"12:05:07";2024;2;"Eleição Ordinária";619;"Eleições Municipais 2024";"06/10/2024";"01/01/2025";"GO";"93734";"GOIÂNIA";11;"Prefeito";1
"08/10/2024";"12:05:07";2024;2;"Eleição Ordinária";619;"Eleições Municipais 2024";"06/10/2024";"01/01/2025";"GO";"93734";"GOIÂNIA";12;"Vice-prefeito";1
"08/10/2024";"12:05:07";2024;2;"Eleição Ordinária";619;"Eleições Municipais 2024";"06/10/2024";"01/01/2025";"GO";"93734";"GOIÂNIA";13;"Vereador";37
"08/10/2024";"12:05:07";2024;2;"Eleição Ordinária";619;"Eleições Municipais 2024";"06/10/2024";"01/01/2025";"GO";"92835";"CACHOEIRA DE GOIÁS";11;"Prefeito";1
"08/10/2024";"12:05:07";2024;2;"Eleição Ordinária";619;"Eleições Municipais 2024";"06/10/2024";"01/01/2025";"GO";"92835";"CACHOEIRA DE GOIÁS";12;"Vice-prefeito";1
"08/10/2024";"12:05:07";2024;2;"Eleição Ordinária";619;"Eleições Municipais 2024";"06/10/2024";"01/01/2025";"GO";"92835";"CACHOEIRA DE GOIÁS";13;"Vereador";9
"08/10/2024";"12:05:07";2024;2;"Eleição Ordinária";619;"Eleições Municipais 2024";"06/10/2024";"01/01/2025";"GO";"92878";"CAIAPÔNIA";11;"Prefeito";1
"08/10/2024";"12:05:07";2024;2;"Eleição Ordinária";619;"Eleições Municipais 2024";"06/10/2024";"01/01/2025";"GO";"92878";"CAIAPÔNIA";12;"Vice-prefeito";1
"08/10/2024";"12:05:07";2024;2;"Eleição Ordinária";619;"Eleições Municipais 2024";"06/10/2024";"01/01/2025";"GO";"92878";"CAIAPÔNIA";13;"Vereador";11
"08/10/2024";"12:05:07";2024;2;"Eleição Ordinária";619;"Eleições Municipais 2024";"06/10/2024";"01/01/2025";"GO";"92894";"CALDAS NOVAS";11;"Prefeito";1
"08/10/2024";"12:05:07";2024;2;"Eleição Ordinária";619;"Eleições Municipais 2024";"06/10/2024";"01/01/2025";"GO";"92894";"CALDAS NOVAS";12;"Vice-prefeito";1
"08/10/2024";"12:05:07";2024;2;"Eleição Ordinária";619;"Eleições Municipais 2024";"06/10/2024";"01/01/2025";"GO";"92894";"CALDAS NOVAS";13;"Vereador";17
"08/10/2024";"12:05:07";2024;2;"Eleição Ordinária";619;"Eleições Municipais 2024";"06/10/2024";"01/01/2025";"GO";"92932";"CAMPINORTE";11;"Prefeito";1
"08/10/2024";"12:05:07";2024;2;"Eleição Ordinária";619;"Eleições Municipais 2024";"06/10/2024";"01/01/2025";"GO";"92932";"CAMPINORTE";12;"Vice-prefeito";1
"08/10/2024";"12:05:07";2024;2;"Eleição Ordinária";619;"Eleições Municipais 2024";"06/10/2024";"01/01/2025";"GO";"92932";"CAMPINORTE";13;"Vereador";9
"08/10/2024";"12:05:07";2024;2;"Eleição Ordinária";619;"Eleições Municipais 2024";"06/10/2024";"01/01/2025";"GO";"92959";"CAMPO ALEGRE DE GOIÁS";11;"Prefeito";1
"08/10/2024";"12:05:07";2024;2;"Eleição Ordinária";619;"Eleições Municipais 2024";"06/10/2024";"01/01/2025";"GO";"92959";"CAMPO ALEGRE DE GOIÁS";12;"Vice-prefeito";1
"08/10/2024";"12:05:07";2024;2;"Eleição Ordinária";619;"Eleições Municipais 2024";"06/10/2024";"01/01/2025";"GO";"92959";"CAMPO ALEGRE DE GOIÁS";13;"Vereador";9
"08/10/2024";"12:05:07";2024;2;"Eleição Ordinária";619;"Eleições Municipais 2024";"06/10/2024";"01/01/2025";"GO";"92991";"CARMO DO RIO VERDE";11;"Prefeito";1
"08/10/2024";"12:05:07";2024;2;"Eleição Ordinária";619;"Eleições Municipais 2024";"06/10/2024";"01/01/2025";"GO";"92991";"CARMO DO RIO VERDE";12;"Vice-prefeito";1
"08/10/2024";"12:05:07";2024;2;"Eleição Ordinária";619;"Eleições Municipais 2024";"06/10/2024";"01/01/2025";"GO";"92991";"CARMO DO RIO VERDE";13;"Vereador";9
"08/10/2024";"12:05:07";2024;2;"Eleição Ordinária";619;"Eleições Municipais 2024";"06/10/2024";"01/01/2025";"GO";"93025";"CIDADE OCIDENTAL";11;"Prefeito";1
"08/10/2024";"12:05:07";2024;2;"Eleição Ordinária";619;"Eleições Municipais 2024";"06/10/2024";"01/01/2025";"GO";"93025";"CIDADE OCIDENTAL";12;"Vice-prefeito";1
"08/10/2024";"12:05:07";2024;2;"Eleição Ordinária";619;"Eleições Municipais 2024";"06/10/2024";"01/01/2025";"GO";"93025";"CIDADE OCIDENTAL";13;"Vereador";15
"08/10/2024";"12:05:07";2024;2;"Eleição Ordinária";619;"Eleições Municipais 2024";"06/10/2024";"01/01/2025";"GO";"93050";"CAVALCANTE";11;"Prefeito";1
"08/10/2024";"12:05:07";2024;2;"Eleição Ordinária";619;"Eleições Municipais 2024";"06/10/2024";"01/01/2025";"GO";"93050";"CAVALCANTE";12;"Vice-prefeito";1
"08/10/2024";"12:05:07";2024;2;"Eleição Ordinária";619;"Eleições Municipais 2024";"06/10/2024";"01/01/2025";"GO";"93050";"CAVALCANTE";13;"Vereador";9
"08/10/2024";"12:05:07";2024;2;"Eleição Ordinária";619;"Eleições Municipais 2024";"06/10/2024";"01/01/2025";"GO";"93076";"CERES";11;"Prefeito";1
"08/10/2024";"12:05:07";2024;2;"Eleição Ordinária";619;"Eleições Municipais 2024";"06/10/2024";"01/01/2025";"GO";"93076";"CERES";12;"Vice-prefeito";1
"08/10/2024";"12:05:07";2024;2;"Eleição Ordinária";619;"Eleições Municipais 2024";"06/10/2024";"01/01/2025";"GO";"93076";"CERES";13;"Vereador";11
"08/10/2024";"12:05:07";2024;2;"Eleição Ordinária";619;"Eleições Municipais 2024";"06/10/2024";"01/01/2025";"GO";"93092";"DIVINÓPOLIS DE GOIÁS";11;"Prefeito";1
"08/10/2024";"12:05:07";2024;2;"Eleição Ordinária";619;"Eleições Municipais 2024";"06/10/2024";"01/01/2025";"GO";"93092";"DIVINÓPOLIS DE GOIÁS";12;"Vice-prefeito";1
"08/10/2024";"12:05:07";2024;2;"Eleição Ordinária";619;"Eleições Municipais 2024";"06/10/2024";"01/01/2025";"GO";"93092";"DIVINÓPOLIS DE GOIÁS";13;"Vereador";9
"08/10/2024";"12:05:07";2024;2;"Eleição Ordinária";619;"Eleições Municipais 2024";"06/10/2024";"01/01/2025";"GO";"93149";"GUARAÍTA";11;"Prefeito";1
"08/10/2024";"12:05:07";2024;2;"Eleição Ordinária";619;"Eleições Municipais 2024";"06/10/2024";"01/01/2025";"GO";"93149";"GUARAÍTA";12;"Vice-prefeito";1
"08/10/2024";"12:05:07";2024;2;"Eleição Ordinária";619;"Eleições Municipais 2024";"06/10/2024";"01/01/2025";"GO";"93149";"GUARAÍTA";13;"Vereador";9
"08/10/2024";"12:05:07";2024;2;"Eleição Ordinária";619;"Eleições Municipais 2024";"06/10/2024";"01/01/2025";"GO";"93165";"INACIOLÂNDIA";11;"Prefeito";1
"08/10/2024";"12:05:07";2024;2;"Eleição Ordinária";619;"Eleições Municipais 2024";"06/10/2024";"01/01/2025";"GO";"93165";"INACIOLÂNDIA";12;"Vice-prefeito";1
"08/10/2024";"12:05:07";2024;2;"Eleição Ordinária";619;"Eleições Municipais 2024";"06/10/2024";"01/01/2025";"GO";"93165";"INACIOLÂNDIA";13;"Vereador";9
"08/10/2024";"12:05:07";2024;2;"Eleição Ordinária";619;"Eleições Municipais 2024";"06/10/2024";"01/01/2025";"GO";"93432";"DIORAMA";11;"Prefeito";1
"08/10/2024";"12:05:07";2024;2;"Eleição Ordinária";619;"Eleições Municipais 2024";"06/10/2024";"01/01/2025";"GO";"93432";"DIORAMA";12;"Vice-prefeito";1
"08/10/2024";"12:05:07";2024;2;"Eleição Ordinária";619;"Eleições Municipais 2024";"06/10/2024";"01/01/2025";"GO";"93432";"DIORAMA";13;"Vereador";9
"08/10/2024";"12:05:07";2024;2;"Eleição Ordinária";619;"Eleições Municipais 2024";"06/10/2024";"01/01/2025";"GO";"93513";"ESTRELA DO NORTE";11;"Prefeito";1
"08/10/2024";"12:05:07";2024;2;"Eleição Ordinária";619;"Eleições Municipais 2024";"06/10/2024";"01/01/2025";"GO";"93513";"ESTRELA DO NORTE";12;"Vice-prefeito";1
"08/10/2024";"12:05:07";2024;2;"Eleição Ordinária";619;"Eleições Municipais 2024";"06/10/2024";"01/01/2025";"GO";"93513";"ESTRELA DO NORTE";13;"Vereador";9
"08/10/2024";"12:05:07";2024;2;"Eleição Ordinária";619;"Eleições Municipais 2024";"06/10/2024";"01/01/2025";"GO";"95036";"ORIZONA";11;"Prefeito";1
"08/10/2024";"12:05:07";2024;2;"Eleição Ordinária";619;"Eleições Municipais 2024";"06/10/2024";"01/01/2025";"GO";"95036";"ORIZONA";12;"Vice-prefeito";1
"08/10/2024";"12:05:07";2024;2;"Eleição Ordinária";619;"Eleições Municipais 2024";"06/10/2024";"01/01/2025";"GO";"95036";"ORIZONA";13;"Vereador";11
"08/10/2024";"12:05:07";2024;2;"Eleição Ordinária";619;"Eleições Municipais 2024";"06/10/2024";"01/01/2025";"GO";"95079";"OUVIDOR";11;"Prefeito";1
"08/10/2024";"12:05:07";2024;2;"Eleição Ordinária";619;"Eleições Municipais 2024";"06/10/2024";"01/01/2025";"GO";"95079";"OUVIDOR";12;"Vice-prefeito";1
"08/10/2024";"12:05:07";2024;2;"Eleição Ordinária";619;"Eleições Municipais 2024";"06/10/2024";"01/01/2025";"GO";"95079";"OUVIDOR";13;"Vereador";9
"08/10/2024";"12:05:07";2024;2;"Eleição Ordinária";619;"Eleições Municipais 2024";"06/10/2024";"01/01/2025";"GO";"95117";"PALMEIRAS DE GOIÁS";11;"Prefeito";1
"08/10/2024";"12:05:07";2024;2;"Eleição Ordinária";619;"Eleições Municipais 2024";"06/10/2024";"01/01/2025";"GO";"95117";"PALMEIRAS DE GOIÁS";12;"Vice-prefeito";1
"08/10/2024";"12:05:07";2024;2;"Eleição Ordinária";619;"Eleições Municipais 2024";"06/10/2024";"01/01/2025";"GO";"95117";"PALMEIRAS DE GOIÁS";13;"Vereador";11
"08/10/2024";"12:05:07";2024;2;"Eleição Ordinária";619;"Eleições Municipais 2024";"06/10/2024";"01/01/2025";"GO";"95176";"PANAMÁ";11;"Prefeito";1
"08/10/2024";"12:05:07";2024;2;"Eleição Ordinária";619;"Eleições Municipais 2024";"06/10/2024";"01/01/2025";"GO";"95176";"PANAMÁ";12;"Vice-prefeito";1
"08/10/2024";"12:05:07";2024;2;"Eleição Ordinária";619;"Eleições Municipais 2024";"06/10/2024";"01/01/2025";"GO";"95176";"PANAMÁ";13;"Vereador";9
"08/10/2024";"12:05:07";2024;2;"Eleição Ordinária";619;"Eleições Municipais 2024";"06/10/2024";"01/01/2025";"GO";"95311";"PETROLINA DE GOIÁS";11;"Prefeito";1
"08/10/2024";"12:05:07";2024;2;"Eleição Ordinária";619;"Eleições Municipais 2024";"06/10/2024";"01/01/2025";"GO";"95311";"PETROLINA DE GOIÁS";12;"Vice-prefeito";1
"08/10/2024";"12:05:07";2024;2;"Eleição Ordinária";619;"Eleições Municipais 2024";"06/10/2024";"01/01/2025";"GO";"95311";"PETROLINA DE GOIÁS";13;"Vereador";9
"08/10/2024";"12:05:07";2024;2;"Eleição Ordinária";619;"Eleições Municipais 2024";"06/10/2024";"01/01/2025";"GO";"95419";"PIRANHAS";11;"Prefeito";1
"08/10/2024";"12:05:07";2024;2;"Eleição Ordinária";619;"Eleições Municipais 2024";"06/10/2024";"01/01/2025";"GO";"95419";"PIRANHAS";12;"Vice-prefeito";1
"08/10/2024";"12:05:07";2024;2;"Eleição Ordinária";619;"Eleições Municipais 2024";"06/10/2024";"01/01/2025";"GO";"95419";"PIRANHAS";13;"Vereador";9
"08/10/2024";"12:05:07";2024;2;"Eleição Ordinária";619;"Eleições Municipais 2024";"06/10/2024";"01/01/2025";"GO";"95451";"PIRES DO RIO";11;"Prefeito";1
"08/10/2024";"12:05:07";2024;2;"Eleição Ordinária";619;"Eleições Municipais 2024";"06/10/2024";"01/01/2025";"GO";"95451";"PIRES DO RIO";12;"Vice-prefeito";1
"08/10/2024";"12:05:07";2024;2;"Eleição Ordinária";619;"Eleições Municipais 2024";"06/10/2024";"01/01/2025";"GO";"95451";"PIRES DO RIO";13;"Vereador";13
"08/10/2024";"12:05:07";2024;2;"Eleição Ordinária";619;"Eleições Municipais 2024";"06/10/2024";"01/01/2025";"GO";"95559";"PORANGATU";11;"Prefeito";1
"08/10/2024";"12:05:07";2024;2;"Eleição Ordinária";619;"Eleições Municipais 2024";"06/10/2024";"01/01/2025";"GO";"95559";"PORANGATU";12;"Vice-prefeito";1
"08/10/2024";"12:05:07";2024;2;"Eleição Ordinária";619;"Eleições Municipais 2024";"06/10/2024";"01/01/2025";"GO";"95559";"PORANGATU";13;"Vereador";13
"08/10/2024";"12:05:07";2024;2;"Eleição Ordinária";619;"Eleições Municipais 2024";"06/10/2024";"01/01/2025";"GO";"95958";"PLANALTINA";11;"Prefeito";1
"08/10/2024";"12:05:07";2024;2;"Eleição Ordinária";619;"Eleições Municipais 2024";"06/10/2024";"01/01/2025";"GO";"95958";"PLANALTINA";12;"Vice-prefeito";1
"08/10/2024";"12:05:07";2024;2;"Eleição Ordinária";619;"Eleições Municipais 2024";"06/10/2024";"01/01/2025";"GO";"95958";"PLANALTINA";13;"Vereador";17
"08/10/2024";"12:05:07";2024;2;"Eleição Ordinária";619;"Eleições Municipais 2024";"06/10/2024";"01/01/2025";"GO";"96717";"ARENÓPOLIS";11;"Prefeito";1
"08/10/2024";"12:05:07";2024;2;"Eleição Ordinária";619;"Eleições Municipais 2024";"06/10/2024";"01/01/2025";"GO";"96717";"ARENÓPOLIS";12;"Vice-prefeito";1
"08/10/2024";"12:05:07";2024;2;"Eleição Ordinária";619;"Eleições Municipais 2024";"06/10/2024";"01/01/2025";"GO";"96717";"ARENÓPOLIS";13;"Vereador";9
"08/10/2024";"12:05:07";2024;2;"Eleição Ordinária";619;"Eleições Municipais 2024";"06/10/2024";"01/01/2025";"GO";"96873";"CAMPINAÇU";11;"Prefeito";1
"08/10/2024";"12:05:07";2024;2;"Eleição Ordinária";619;"Eleições Municipais 2024";"06/10/2024";"01/01/2025";"GO";"96873";"CAMPINAÇU";12;"Vice-prefeito";1
"08/10/2024";"12:05:07";2024;2;"Eleição Ordinária";619;"Eleições Municipais 2024";"06/10/2024";"01/01/2025";"GO";"96873";"CAMPINAÇU";13;"Vereador";9
"08/10/2024";"12:05:07";2024;2;"Eleição Ordinária";619;"Eleições Municipais 2024";"06/10/2024";"01/01/2025";"GO";"93360";"ABADIA DE GOIÁS";11;"Prefeito";1
"08/10/2024";"12:05:07";2024;2;"Eleição Ordinária";619;"Eleições Municipais 2024";"06/10/2024";"01/01/2025";"GO";"93360";"ABADIA DE GOIÁS";12;"Vice-prefeito";1
"08/10/2024";"12:05:07";2024;2;"Eleição Ordinária";619;"Eleições Municipais 2024";"06/10/2024";"01/01/2025";"GO";"93360";"ABADIA DE GOIÁS";13;"Vereador";11
"08/10/2024";"12:05:07";2024;2;"Eleição Ordinária";619;"Eleições Municipais 2024";"06/10/2024";"01/01/2025";"GO";"93564";"GAMELEIRA DE GOIÁS";11;"Prefeito";1
"08/10/2024";"12:05:07";2024;2;"Eleição Ordinária";619;"Eleições Municipais 2024";"06/10/2024";"01/01/2025";"GO";"93564";"GAMELEIRA DE GOIÁS";12;"Vice-prefeito";1
"08/10/2024";"12:05:07";2024;2;"Eleição Ordinária";619;"Eleições Municipais 2024";"06/10/2024";"01/01/2025";"GO";"93564";"GAMELEIRA DE GOIÁS";13;"Vereador";9
"08/10/2024";"12:05:07";2024;2;"Eleição Ordinária";619;"Eleições Municipais 2024";"06/10/2024";"01/01/2025";"GO";"93912";"HIDROLINA";11;"Prefeito";1
"08/10/2024";"12:05:07";2024;2;"Eleição Ordinária";619;"Eleições Municipais 2024";"06/10/2024";"01/01/2025";"GO";"93912";"HIDROLINA";12;"Vice-prefeito";1
"08/10/2024";"12:05:07";2024;2;"Eleição Ordinária";619;"Eleições Municipais 2024";"06/10/2024";"01/01/2025";"GO";"93912";"HIDROLINA";13;"Vereador";9
"08/10/2024";"12:05:07";2024;2;"Eleição Ordinária";619;"Eleições Municipais 2024";"06/10/2024";"01/01/2025";"GO";"93955";"INHUMAS";11;"Prefeito";1
"08/10/2024";"12:05:07";2024;2;"Eleição Ordinária";619;"Eleições Municipais 2024";"06/10/2024";"01/01/2025";"GO";"93955";"INHUMAS";12;"Vice-prefeito";1
"08/10/2024";"12:05:07";2024;2;"Eleição Ordinária";619;"Eleições Municipais 2024";"06/10/2024";"01/01/2025";"GO";"93955";"INHUMAS";13;"Vereador";15
"08/10/2024";"12:05:07";2024;2;"Eleição Ordinária";619;"Eleições Municipais 2024";"06/10/2024";"01/01/2025";"GO";"93998";"IPORÁ";11;"Prefeito";1
"08/10/2024";"12:05:07";2024;2;"Eleição Ordinária";619;"Eleições Municipais 2024";"06/10/2024";"01/01/2025";"GO";"93998";"IPORÁ";12;"Vice-prefeito";1
"08/10/2024";"12:05:07";2024;2;"Eleição Ordinária";619;"Eleições Municipais 2024";"06/10/2024";"01/01/2025";"GO";"93998";"IPORÁ";13;"Vereador";13
"08/10/2024";"12:05:07";2024;2;"Eleição Ordinária";619;"Eleições Municipais 2024";"06/10/2024";"01/01/2025";"GO";"94030";"ITABERAÍ";11;"Prefeito";1
"08/10/2024";"12:05:07";2024;2;"Eleição Ordinária";619;"Eleições Municipais 2024";"06/10/2024";"01/01/2025";"GO";"94030";"ITABERAÍ";12;"Vice-prefeito";1
"08/10/2024";"12:05:07";2024;2;"Eleição Ordinária";619;"Eleições Municipais 2024";"06/10/2024";"01/01/2025";"GO";"94030";"ITABERAÍ";13;"Vereador";13
"08/10/2024";"12:05:07";2024;2;"Eleição Ordinária";619;"Eleições Municipais 2024";"06/10/2024";"01/01/2025";"GO";"94110";"ITAJÁ";11;"Prefeito";1
"08/10/2024";"12:05:07";2024;2;"Eleição Ordinária";619;"Eleições Municipais 2024";"06/10/2024";"01/01/2025";"GO";"94110";"ITAJÁ";12;"Vice-prefeito";1
"08/10/2024";"12:05:07";2024;2;"Eleição Ordinária";619;"Eleições Municipais 2024";"06/10/2024";"01/01/2025";"GO";"94110";"ITAJÁ";13;"Vereador";9
"08/10/2024";"12:05:07";2024;2;"Eleição Ordinária";619;"Eleições Municipais 2024";"06/10/2024";"01/01/2025";"GO";"94315";"JARAGUÁ";11;"Prefeito";1
"08/10/2024";"12:05:07";2024;2;"Eleição Ordinária";619;"Eleições Municipais 2024";"06/10/2024";"01/01/2025";"GO";"94315";"JARAGUÁ";12;"Vice-prefeito";1
"08/10/2024";"12:05:07";2024;2;"Eleição Ordinária";619;"Eleições Municipais 2024";"06/10/2024";"01/01/2025";"GO";"94315";"JARAGUÁ";13;"Vereador";13
"08/10/2024";"12:05:07";2024;2;"Eleição Ordinária";619;"Eleições Municipais 2024";"06/10/2024";"01/01/2025";"GO";"94730";"MORRINHOS";11;"Prefeito";1
"08/10/2024";"12:05:07";2024;2;"Eleição Ordinária";619;"Eleições Municipais 2024";"06/10/2024";"01/01/2025";"GO";"94730";"MORRINHOS";12;"Vice-prefeito";1
"08/10/2024";"12:05:07";2024;2;"Eleição Ordinária";619;"Eleições Municipais 2024";"06/10/2024";"01/01/2025";"GO";"94730";"MORRINHOS";13;"Vereador";15
"08/10/2024";"12:05:07";2024;2;"Eleição Ordinária";619;"Eleições Municipais 2024";"06/10/2024";"01/01/2025";"GO";"94773";"MOZARLÂNDIA";11;"Prefeito";1
"08/10/2024";"12:05:07";2024;2;"Eleição Ordinária";619;"Eleições Municipais 2024";"06/10/2024";"01/01/2025";"GO";"94773";"MOZARLÂNDIA";12;"Vice-prefeito";1
"08/10/2024";"12:05:07";2024;2;"Eleição Ordinária";619;"Eleições Municipais 2024";"06/10/2024";"01/01/2025";"GO";"94773";"MOZARLÂNDIA";13;"Vereador";9
"08/10/2024";"12:05:07";2024;2;"Eleição Ordinária";619;"Eleições Municipais 2024";"06/10/2024";"01/01/2025";"GO";"94870";"NERÓPOLIS";11;"Prefeito";1
"08/10/2024";"12:05:07";2024;2;"Eleição Ordinária";619;"Eleições Municipais 2024";"06/10/2024";"01/01/2025";"GO";"94870";"NERÓPOLIS";12;"Vice-prefeito";1
"08/10/2024";"12:05:07";2024;2;"Eleição Ordinária";619;"Eleições Municipais 2024";"06/10/2024";"01/01/2025";"GO";"94870";"NERÓPOLIS";13;"Vereador";13
"08/10/2024";"12:05:07";2024;2;"Eleição Ordinária";619;"Eleições Municipais 2024";"06/10/2024";"01/01/2025";"GO";"94919";"NOVA AMÉRICA";11;"Prefeito";1
"08/10/2024";"12:05:07";2024;2;"Eleição Ordinária";619;"Eleições Municipais 2024";"06/10/2024";"01/01/2025";"GO";"94919";"NOVA AMÉRICA";12;"Vice-prefeito";1
"08/10/2024";"12:05:07";2024;2;"Eleição Ordinária";619;"Eleições Municipais 2024";"06/10/2024";"01/01/2025";"GO";"94919";"NOVA AMÉRICA";13;"Vereador";9
"08/10/2024";"12:05:07";2024;2;"Eleição Ordinária";619;"Eleições Municipais 2024";"06/10/2024";"01/01/2025";"GO";"96512";"MUNDO NOVO";11;"Prefeito";1
"08/10/2024";"12:05:07";2024;2;"Eleição Ordinária";619;"Eleições Municipais 2024";"06/10/2024";"01/01/2025";"GO";"96512";"MUNDO NOVO";12;"Vice-prefeito";1
"08/10/2024";"12:05:07";2024;2;"Eleição Ordinária";619;"Eleições Municipais 2024";"06/10/2024";"01/01/2025";"GO";"96512";"MUNDO NOVO";13;"Vereador";9
"08/10/2024";"12:05:07";2024;2;"Eleição Ordinária";619;"Eleições Municipais 2024";"06/10/2024";"01/01/2025";"GO";"96750";"DOVERLÂNDIA";11;"Prefeito";1
"08/10/2024";"12:05:07";2024;2;"Eleição Ordinária";619;"Eleições Municipais 2024";"06/10/2024";"01/01/2025";"GO";"96750";"DOVERLÂNDIA";12;"Vice-prefeito";1
"08/10/2024";"12:05:07";2024;2;"Eleição Ordinária";619;"Eleições Municipais 2024";"06/10/2024";"01/01/2025";"GO";"96750";"DOVERLÂNDIA";13;"Vereador";9
"08/10/2024";"12:05:07";2024;2;"Eleição Ordinária";619;"Eleições Municipais 2024";"06/10/2024";"01/01/2025";"GO";"93254";"CRISTALINA";11;"Prefeito";1
"08/10/2024";"12:05:07";2024;2;"Eleição Ordinária";619;"Eleições Municipais 2024";"06/10/2024";"01/01/2025";"GO";"93254";"CRISTALINA";12;"Vice-prefeito";1
"08/10/2024";"12:05:07";2024;2;"Eleição Ordinária";619;"Eleições Municipais 2024";"06/10/2024";"01/01/2025";"GO";"93254";"CRISTALINA";13;"Vereador";13
"08/10/2024";"12:05:07";2024;2;"Eleição Ordinária";619;"Eleições Municipais 2024";"06/10/2024";"01/01/2025";"GO";"93270";"CRISTIANÓPOLIS";11;"Prefeito";1
"08/10/2024";"12:05:07";2024;2;"Eleição Ordinária";619;"Eleições Municipais 2024";"06/10/2024";"01/01/2025";"GO";"93270";"CRISTIANÓPOLIS";12;"Vice-prefeito";1
"08/10/2024";"12:05:07";2024;2;"Eleição Ordinária";619;"Eleições Municipais 2024";"06/10/2024";"01/01/2025";"GO";"93270";"CRISTIANÓPOLIS";13;"Vereador";9
"08/10/2024";"12:05:07";2024;2;"Eleição Ordinária";619;"Eleições Municipais 2024";"06/10/2024";"01/01/2025";"GO";"93327";"NOVO GAMA";11;"Prefeito";1
"08/10/2024";"12:05:07";2024;2;"Eleição Ordinária";619;"Eleições Municipais 2024";"06/10/2024";"01/01/2025";"GO";"93327";"NOVO GAMA";12;"Vice-prefeito";1
"08/10/2024";"12:05:07";2024;2;"Eleição Ordinária";619;"Eleições Municipais 2024";"06/10/2024";"01/01/2025";"GO";"93327";"NOVO GAMA";13;"Vereador";15
"08/10/2024";"12:05:07";2024;2;"Eleição Ordinária";619;"Eleições Municipais 2024";"06/10/2024";"01/01/2025";"GO";"93343";"ÁGUAS LINDAS DE GOIÁS";11;"Prefeito";1
"08/10/2024";"12:05:07";2024;2;"Eleição Ordinária";619;"Eleições Municipais 2024";"06/10/2024";"01/01/2025";"GO";"93343";"ÁGUAS LINDAS DE GOIÁS";12;"Vice-prefeito";1
"08/10/2024";"12:05:07";2024;2;"Eleição Ordinária";619;"Eleições Municipais 2024";"06/10/2024";"01/01/2025";"GO";"93343";"ÁGUAS LINDAS DE GOIÁS";13;"Vereador";21
"08/10/2024";"12:05:07";2024;2;"Eleição Ordinária";619;"Eleições Municipais 2024";"06/10/2024";"01/01/2025";"GO";"93378";"DAMOLÂNDIA";11;"Prefeito";1
"08/10/2024";"12:05:07";2024;2;"Eleição Ordinária";619;"Eleições Municipais 2024";"06/10/2024";"01/01/2025";"GO";"93378";"DAMOLÂNDIA";12;"Vice-prefeito";1
"08/10/2024";"12:05:07";2024;2;"Eleição Ordinária";619;"Eleições Municipais 2024";"06/10/2024";"01/01/2025";"GO";"93378";"DAMOLÂNDIA";13;"Vereador";9
"08/10/2024";"12:05:07";2024;2;"Eleição Ordinária";619;"Eleições Municipais 2024";"06/10/2024";"01/01/2025";"GO";"93408";"BONÓPOLIS";11;"Prefeito";1
"08/10/2024";"12:05:07";2024;2;"Eleição Ordinária";619;"Eleições Municipais 2024";"06/10/2024";"01/01/2025";"GO";"93408";"BONÓPOLIS";12;"Vice-prefeito";1
"08/10/2024";"12:05:07";2024;2;"Eleição Ordinária";619;"Eleições Municipais 2024";"06/10/2024";"01/01/2025";"GO";"93408";"BONÓPOLIS";13;"Vereador";9
"08/10/2024";"12:05:07";2024;2;"Eleição Ordinária";619;"Eleições Municipais 2024";"06/10/2024";"01/01/2025";"GO";"93599";"FLORES DE GOIÁS";11;"Prefeito";1
"08/10/2024";"12:05:07";2024;2;"Eleição Ordinária";619;"Eleições Municipais 2024";"06/10/2024";"01/01/2025";"GO";"93599";"FLORES DE GOIÁS";12;"Vice-prefeito";1
"08/10/2024";"12:05:07";2024;2;"Eleição Ordinária";619;"Eleições Municipais 2024";"06/10/2024";"01/01/2025";"GO";"93599";"FLORES DE GOIÁS";13;"Vereador";9
"08/10/2024";"12:05:07";2024;2;"Eleição Ordinária";619;"Eleições Municipais 2024";"06/10/2024";"01/01/2025";"GO";"93637";"FORMOSO";11;"Prefeito";1
"08/10/2024";"12:05:07";2024;2;"Eleição Ordinária";619;"Eleições Municipais 2024";"06/10/2024";"01/01/2025";"GO";"93637";"FORMOSO";12;"Vice-prefeito";1
"08/10/2024";"12:05:07";2024;2;"Eleição Ordinária";619;"Eleições Municipais 2024";"06/10/2024";"01/01/2025";"GO";"93637";"FORMOSO";13;"Vereador";9
"08/10/2024";"12:05:07";2024;2;"Eleição Ordinária";619;"Eleições Municipais 2024";"06/10/2024";"01/01/2025";"GO";"93696";"GOIANDIRA";11;"Prefeito";1
"08/10/2024";"12:05:07";2024;2;"Eleição Ordinária";619;"Eleições Municipais 2024";"06/10/2024";"01/01/2025";"GO";"93696";"GOIANDIRA";12;"Vice-prefeito";1
"08/10/2024";"12:05:07";2024;2;"Eleição Ordinária";619;"Eleições Municipais 2024";"06/10/2024";"01/01/2025";"GO";"93696";"GOIANDIRA";13;"Vereador";9
"08/10/2024";"12:05:07";2024;2;"Eleição Ordinária";619;"Eleições Municipais 2024";"06/10/2024";"01/01/2025";"GO";"93777";"GOIÁS";11;"Prefeito";1
"08/10/2024";"12:05:07";2024;2;"Eleição Ordinária";619;"Eleições Municipais 2024";"06/10/2024";"01/01/2025";"GO";"93777";"GOIÁS";12;"Vice-prefeito";1
"08/10/2024";"12:05:07";2024;2;"Eleição Ordinária";619;"Eleições Municipais 2024";"06/10/2024";"01/01/2025";"GO";"93777";"GOIÁS";13;"Vereador";11
"08/10/2024";"12:05:07";2024;2;"Eleição Ordinária";619;"Eleições Municipais 2024";"06/10/2024";"01/01/2025";"GO";"93815";"GUAPÓ";11;"Prefeito";1
"08/10/2024";"12:05:07";2024;2;"Eleição Ordinária";619;"Eleições Municipais 2024";"06/10/2024";"01/01/2025";"GO";"93815";"GUAPÓ";12;"Vice-prefeito";1
"08/10/2024";"12:05:07";2024;2;"Eleição Ordinária";619;"Eleições Municipais 2024";"06/10/2024";"01/01/2025";"GO";"93815";"GUAPÓ";13;"Vereador";11
"08/10/2024";"12:05:07";2024;2;"Eleição Ordinária";619;"Eleições Municipais 2024";"06/10/2024";"01/01/2025";"GO";"93874";"HEITORAÍ";11;"Prefeito";1
"08/10/2024";"12:05:07";2024;2;"Eleição Ordinária";619;"Eleições Municipais 2024";"06/10/2024";"01/01/2025";"GO";"93874";"HEITORAÍ";12;"Vice-prefeito";1
"08/10/2024";"12:05:07";2024;2;"Eleição Ordinária";619;"Eleições Municipais 2024";"06/10/2024";"01/01/2025";"GO";"93874";"HEITORAÍ";13;"Vereador";9
"08/10/2024";"12:05:07";2024;2;"Eleição Ordinária";619;"Eleições Municipais 2024";"06/10/2024";"01/01/2025";"GO";"94153";"ITAPIRAPUÃ";11;"Prefeito";1
"08/10/2024";"12:05:07";2024;2;"Eleição Ordinária";619;"Eleições Municipais 2024";"06/10/2024";"01/01/2025";"GO";"94153";"ITAPIRAPUÃ";12;"Vice-prefeito";1
"08/10/2024";"12:05:07";2024;2;"Eleição Ordinária";619;"Eleições Municipais 2024";"06/10/2024";"01/01/2025";"GO";"94153";"ITAPIRAPUÃ";13;"Vereador";9
"08/10/2024";"12:05:07";2024;2;"Eleição Ordinária";619;"Eleições Municipais 2024";"06/10/2024";"01/01/2025";"GO";"94218";"ITARUMÃ";11;"Prefeito";1
"08/10/2024";"12:05:07";2024;2;"Eleição Ordinária";619;"Eleições Municipais 2024";"06/10/2024";"01/01/2025";"GO";"94218";"ITARUMÃ";12;"Vice-prefeito";1
"08/10/2024";"12:05:07";2024;2;"Eleição Ordinária";619;"Eleições Municipais 2024";"06/10/2024";"01/01/2025";"GO";"94218";"ITARUMÃ";13;"Vereador";9
"08/10/2024";"12:05:07";2024;2;"Eleição Ordinária";619;"Eleições Municipais 2024";"06/10/2024";"01/01/2025";"GO";"94277";"IVOLÂNDIA";11;"Prefeito";1
"08/10/2024";"12:05:07";2024;2;"Eleição Ordinária";619;"Eleições Municipais 2024";"06/10/2024";"01/01/2025";"GO";"94277";"IVOLÂNDIA";12;"Vice-prefeito";1
"08/10/2024";"12:05:07";2024;2;"Eleição Ordinária";619;"Eleições Municipais 2024";"06/10/2024";"01/01/2025";"GO";"94277";"IVOLÂNDIA";13;"Vereador";9
"08/10/2024";"12:05:07";2024;2;"Eleição Ordinária";619;"Eleições Municipais 2024";"06/10/2024";"01/01/2025";"GO";"94358";"JAUPACI";11;"Prefeito";1
"08/10/2024";"12:05:07";2024;2;"Eleição Ordinária";619;"Eleições Municipais 2024";"06/10/2024";"01/01/2025";"GO";"94358";"JAUPACI";12;"Vice-prefeito";1
"08/10/2024";"12:05:07";2024;2;"Eleição Ordinária";619;"Eleições Municipais 2024";"06/10/2024";"01/01/2025";"GO";"94358";"JAUPACI";13;"Vereador";9
"08/10/2024";"12:05:07";2024;2;"Eleição Ordinária";619;"Eleições Municipais 2024";"06/10/2024";"01/01/2025";"GO";"94951";"NOVA ROMA";11;"Prefeito";1
"08/10/2024";"12:05:07";2024;2;"Eleição Ordinária";619;"Eleições Municipais 2024";"06/10/2024";"01/01/2025";"GO";"94951";"NOVA ROMA";12;"Vice-prefeito";1
"08/10/2024";"12:05:07";2024;2;"Eleição Ordinária";619;"Eleições Municipais 2024";"06/10/2024";"01/01/2025";"GO";"94951";"NOVA ROMA";13;"Vereador";9
"08/10/2024";"12:05:07";2024;2;"Eleição Ordinária";619;"Eleições Municipais 2024";"06/10/2024";"01/01/2025";"GO";"96555";"NOVA GLÓRIA";11;"Prefeito";1
"08/10/2024";"12:05:07";2024;2;"Eleição Ordinária";619;"Eleições Municipais 2024";"06/10/2024";"01/01/2025";"GO";"96555";"NOVA GLÓRIA";12;"Vice-prefeito";1
"08/10/2024";"12:05:07";2024;2;"Eleição Ordinária";619;"Eleições Municipais 2024";"06/10/2024";"01/01/2025";"GO";"96555";"NOVA GLÓRIA";13;"Vereador";9
"08/10/2024";"12:05:07";2024;2;"Eleição Ordinária";619;"Eleições Municipais 2024";"06/10/2024";"01/01/2025";"GO";"96377";"URUTAÍ";11;"Prefeito";1
"08/10/2024";"12:05:07";2024;2;"Eleição Ordinária";619;"Eleições Municipais 2024";"06/10/2024";"01/01/2025";"GO";"96377";"URUTAÍ";12;"Vice-prefeito";1
"08/10/2024";"12:05:07";2024;2;"Eleição Ordinária";619;"Eleições Municipais 2024";"06/10/2024";"01/01/2025";"GO";"96377";"URUTAÍ";13;"Vereador";9
"08/10/2024";"12:05:07";2024;2;"Eleição Ordinária";619;"Eleições Municipais 2024";"06/10/2024";"01/01/2025";"GO";"93300";"VALPARAÍSO DE GOIÁS";11;"Prefeito";1
"08/10/2024";"12:05:07";2024;2;"Eleição Ordinária";619;"Eleições Municipais 2024";"06/10/2024";"01/01/2025";"GO";"93300";"VALPARAÍSO DE GOIÁS";12;"Vice-prefeito";1
"08/10/2024";"12:05:07";2024;2;"Eleição Ordinária";619;"Eleições Municipais 2024";"06/10/2024";"01/01/2025";"GO";"93300";"VALPARAÍSO DE GOIÁS";13;"Vereador";13
"08/10/2024";"12:05:07";2024;2;"Eleição Ordinária";619;"Eleições Municipais 2024";"06/10/2024";"01/01/2025";"GO";"96393";"VARJÃO";11;"Prefeito";1
"08/10/2024";"12:05:07";2024;2;"Eleição Ordinária";619;"Eleições Municipais 2024";"06/10/2024";"01/01/2025";"GO";"96393";"VARJÃO";12;"Vice-prefeito";1
"08/10/2024";"12:05:07";2024;2;"Eleição Ordinária";619;"Eleições Municipais 2024";"06/10/2024";"01/01/2025";"GO";"96393";"VARJÃO";13;"Vereador";9
"08/10/2024";"12:05:07";2024;2;"Eleição Ordinária";619;"Eleições Municipais 2024";"06/10/2024";"01/01/2025";"GO";"96415";"VIANÓPOLIS";11;"Prefeito";1
"08/10/2024";"12:05:07";2024;2;"Eleição Ordinária";619;"Eleições Municipais 2024";"06/10/2024";"01/01/2025";"GO";"96415";"VIANÓPOLIS";12;"Vice-prefeito";1
"08/10/2024";"12:05:07";2024;2;"Eleição Ordinária";619;"Eleições Municipais 2024";"06/10/2024";"01/01/2025";"GO";"96415";"VIANÓPOLIS";13;"Vereador";9
"08/10/2024";"12:05:07";2024;2;"Eleição Ordinária";619;"Eleições Municipais 2024";"06/10/2024";"01/01/2025";"GO";"96571";"VICENTINÓPOLIS";11;"Prefeito";1
"08/10/2024";"12:05:07";2024;2;"Eleição Ordinária";619;"Eleições Municipais 2024";"06/10/2024";"01/01/2025";"GO";"96571";"VICENTINÓPOLIS";12;"Vice-prefeito";1
"08/10/2024";"12:05:07";2024;2;"Eleição Ordinária";619;"Eleições Municipais 2024";"06/10/2024";"01/01/2025";"GO";"96571";"VICENTINÓPOLIS";13;"Vereador";9
"08/10/2024";"12:05:07";2024;2;"Eleição Ordinária";619;"Eleições Municipais 2024";"06/10/2024";"01/01/2025";"GO";"93289";"VILA BOA";11;"Prefeito";1
"08/10/2024";"12:05:07";2024;2;"Eleição Ordinária";619;"Eleições Municipais 2024";"06/10/2024";"01/01/2025";"GO";"93289";"VILA BOA";12;"Vice-prefeito";1
"08/10/2024";"12:05:07";2024;2;"Eleição Ordinária";619;"Eleições Municipais 2024";"06/10/2024";"01/01/2025";"GO";"93289";"VILA BOA";13;"Vereador";9
"08/10/2024";"12:05:07";2024;2;"Eleição Ordinária";619;"Eleições Municipais 2024";"06/10/2024";"01/01/2025";"GO";"93505";"VILA PROPÍCIO";11;"Prefeito";1
"08/10/2024";"12:05:07";2024;2;"Eleição Ordinária";619;"Eleições Municipais 2024";"06/10/2024";"01/01/2025";"GO";"93505";"VILA PROPÍCIO";12;"Vice-prefeito";1
"08/10/2024";"12:05:07";2024;2;"Eleição Ordinária";619;"Eleições Municipais 2024";"06/10/2024";"01/01/2025";"GO";"93505";"VILA PROPÍCIO";13;"Vereador";9
"08/10/2024";"12:05:07";2024;2;"Eleição Ordinária";619;"Eleições Municipais 2024";"06/10/2024";"01/01/2025";"GO";"92983";"JESÚPOLIS";11;"Prefeito";1
"08/10/2024";"12:05:07";2024;2;"Eleição Ordinária";619;"Eleições Municipais 2024";"06/10/2024";"01/01/2025";"GO";"92983";"JESÚPOLIS";12;"Vice-prefeito";1
"08/10/2024";"12:05:07";2024;2;"Eleição Ordinária";619;"Eleições Municipais 2024";"06/10/2024";"01/01/2025";"GO";"92983";"JESÚPOLIS";13;"Vereador";9
"08/10/2024";"12:05:07";2024;2;"Eleição Ordinária";619;"Eleições Municipais 2024";"06/10/2024";"01/01/2025";"GO";"94374";"JOVIÂNIA";11;"Prefeito";1
"08/10/2024";"12:05:07";2024;2;"Eleição Ordinária";619;"Eleições Municipais 2024";"06/10/2024";"01/01/2025";"GO";"94374";"JOVIÂNIA";12;"Vice-prefeito";1
"08/10/2024";"12:05:07";2024;2;"Eleição Ordinária";619;"Eleições Municipais 2024";"06/10/2024";"01/01/2025";"GO";"94374";"JOVIÂNIA";13;"Vereador";9
"08/10/2024";"12:05:07";2024;2;"Eleição Ordinária";619;"Eleições Municipais 2024";"06/10/2024";"01/01/2025";"GO";"94390";"JUSSARA";11;"Prefeito";1
"08/10/2024";"12:05:07";2024;2;"Eleição Ordinária";619;"Eleições Municipais 2024";"06/10/2024";"01/01/2025";"GO";"94390";"JUSSARA";12;"Vice-prefeito";1
"08/10/2024";"12:05:07";2024;2;"Eleição Ordinária";619;"Eleições Municipais 2024";"06/10/2024";"01/01/2025";"GO";"94390";"JUSSARA";13;"Vereador";11
"08/10/2024";"12:05:07";2024;2;"Eleição Ordinária";619;"Eleições Municipais 2024";"06/10/2024";"01/01/2025";"GO";"93602";"LAGOA SANTA";11;"Prefeito";1
"08/10/2024";"12:05:07";2024;2;"Eleição Ordinária";619;"Eleições Municipais 2024";"06/10/2024";"01/01/2025";"GO";"93602";"LAGOA SANTA";12;"Vice-prefeito";1
"08/10/2024";"12:05:07";2024;2;"Eleição Ordinária";619;"Eleições Municipais 2024";"06/10/2024";"01/01/2025";"GO";"93602";"LAGOA SANTA";13;"Vereador";9
"08/10/2024";"12:05:07";2024;2;"Eleição Ordinária";619;"Eleições Municipais 2024";"06/10/2024";"01/01/2025";"GO";"94439";"LEOPOLDO DE BULHÕES";11;"Prefeito";1
"08/10/2024";"12:05:07";2024;2;"Eleição Ordinária";619;"Eleições Municipais 2024";"06/10/2024";"01/01/2025";"GO";"94439";"LEOPOLDO DE BULHÕES";12;"Vice-prefeito";1
"08/10/2024";"12:05:07";2024;2;"Eleição Ordinária";619;"Eleições Municipais 2024";"06/10/2024";"01/01/2025";"GO";"94439";"LEOPOLDO DE BULHÕES";13;"Vereador";9
"08/10/2024";"12:05:07";2024;2;"Eleição Ordinária";619;"Eleições Municipais 2024";"06/10/2024";"01/01/2025";"GO";"94455";"LUZIÂNIA";11;"Prefeito";1
"08/10/2024";"12:05:07";2024;2;"Eleição Ordinária";619;"Eleições Municipais 2024";"06/10/2024";"01/01/2025";"GO";"94455";"LUZIÂNIA";12;"Vice-prefeito";1
"08/10/2024";"12:05:07";2024;2;"Eleição Ordinária";619;"Eleições Municipais 2024";"06/10/2024";"01/01/2025";"GO";"94455";"LUZIÂNIA";13;"Vereador";21
"08/10/2024";"12:05:07";2024;2;"Eleição Ordinária";619;"Eleições Municipais 2024";"06/10/2024";"01/01/2025";"GO";"94471";"MAIRIPOTABA";11;"Prefeito";1
"08/10/2024";"12:05:07";2024;2;"Eleição Ordinária";619;"Eleições Municipais 2024";"06/10/2024";"01/01/2025";"GO";"94471";"MAIRIPOTABA";12;"Vice-prefeito";1
"08/10/2024";"12:05:07";2024;2;"Eleição Ordinária";619;"Eleições Municipais 2024";"06/10/2024";"01/01/2025";"GO";"94471";"MAIRIPOTABA";13;"Vereador";9
"08/10/2024";"12:05:07";2024;2;"Eleição Ordinária";619;"Eleições Municipais 2024";"06/10/2024";"01/01/2025";"GO";"94498";"MAMBAÍ";11;"Prefeito";1
"08/10/2024";"12:05:07";2024;2;"Eleição Ordinária";619;"Eleições Municipais 2024";"06/10/2024";"01/01/2025";"GO";"94498";"MAMBAÍ";12;"Vice-prefeito";1
"08/10/2024";"12:05:07";2024;2;"Eleição Ordinária";619;"Eleições Municipais 2024";"06/10/2024";"01/01/2025";"GO";"94498";"MAMBAÍ";13;"Vereador";9
"08/10/2024";"12:05:07";2024;2;"Eleição Ordinária";619;"Eleições Municipais 2024";"06/10/2024";"01/01/2025";"GO";"94510";"MARA ROSA";11;"Prefeito";1
"08/10/2024";"12:05:07";2024;2;"Eleição Ordinária";619;"Eleições Municipais 2024";"06/10/2024";"01/01/2025";"GO";"94510";"MARA ROSA";12;"Vice-prefeito";1
"08/10/2024";"12:05:07";2024;2;"Eleição Ordinária";619;"Eleições Municipais 2024";"06/10/2024";"01/01/2025";"GO";"94510";"MARA ROSA";13;"Vereador";9
"08/10/2024";"12:05:07";2024;2;"Eleição Ordinária";619;"Eleições Municipais 2024";"06/10/2024";"01/01/2025";"GO";"94536";"MARZAGÃO";11;"Prefeito";1
"08/10/2024";"12:05:07";2024;2;"Eleição Ordinária";619;"Eleições Municipais 2024";"06/10/2024";"01/01/2025";"GO";"94536";"MARZAGÃO";12;"Vice-prefeito";1
"08/10/2024";"12:05:07";2024;2;"Eleição Ordinária";619;"Eleições Municipais 2024";"06/10/2024";"01/01/2025";"GO";"94536";"MARZAGÃO";13;"Vereador";9
"08/10/2024";"12:05:07";2024;2;"Eleição Ordinária";619;"Eleições Municipais 2024";"06/10/2024";"01/01/2025";"GO";"92320";"MATRINCHÃ";11;"Prefeito";1
"08/10/2024";"12:05:07";2024;2;"Eleição Ordinária";619;"Eleições Municipais 2024";"06/10/2024";"01/01/2025";"GO";"92320";"MATRINCHÃ";12;"Vice-prefeito";1
"08/10/2024";"12:05:07";2024;2;"Eleição Ordinária";619;"Eleições Municipais 2024";"06/10/2024";"01/01/2025";"GO";"92320";"MATRINCHÃ";13;"Vereador";9
"08/10/2024";"12:05:07";2024;2;"Eleição Ordinária";619;"Eleições Municipais 2024";"06/10/2024";"01/01/2025";"GO";"94579";"MAURILÂNDIA";11;"Prefeito";1
"08/10/2024";"12:05:07";2024;2;"Eleição Ordinária";619;"Eleições Municipais 2024";"06/10/2024";"01/01/2025";"GO";"94579";"MAURILÂNDIA";12;"Vice-prefeito";1
"08/10/2024";"12:05:07";2024;2;"Eleição Ordinária";619;"Eleições Municipais 2024";"06/10/2024";"01/01/2025";"GO";"94579";"MAURILÂNDIA";13;"Vereador";9
"08/10/2024";"12:05:07";2024;2;"Eleição Ordinária";619;"Eleições Municipais 2024";"06/10/2024";"01/01/2025";"GO";"92347";"MIMOSO DE GOIÁS";11;"Prefeito";1
"08/10/2024";"12:05:07";2024;2;"Eleição Ordinária";619;"Eleições Municipais 2024";"06/10/2024";"01/01/2025";"GO";"92347";"MIMOSO DE GOIÁS";12;"Vice-prefeito";1
"08/10/2024";"12:05:07";2024;2;"Eleição Ordinária";619;"Eleições Municipais 2024";"06/10/2024";"01/01/2025";"GO";"92347";"MIMOSO DE GOIÁS";13;"Vereador";9
"08/10/2024";"12:05:07";2024;2;"Eleição Ordinária";619;"Eleições Municipais 2024";"06/10/2024";"01/01/2025";"GO";"96474";"MINAÇU";11;"Prefeito";1
"08/10/2024";"12:05:07";2024;2;"Eleição Ordinária";619;"Eleições Municipais 2024";"06/10/2024";"01/01/2025";"GO";"96474";"MINAÇU";12;"Vice-prefeito";1
"08/10/2024";"12:05:07";2024;2;"Eleição Ordinária";619;"Eleições Municipais 2024";"06/10/2024";"01/01/2025";"GO";"96474";"MINAÇU";13;"Vereador";11
"08/10/2024";"12:05:07";2024;2;"Eleição Ordinária";619;"Eleições Municipais 2024";"06/10/2024";"01/01/2025";"GO";"94595";"MINEIROS";11;"Prefeito";1
"08/10/2024";"12:05:07";2024;2;"Eleição Ordinária";619;"Eleições Municipais 2024";"06/10/2024";"01/01/2025";"GO";"94595";"MINEIROS";12;"Vice-prefeito";1
"08/10/2024";"12:05:07";2024;2;"Eleição Ordinária";619;"Eleições Municipais 2024";"06/10/2024";"01/01/2025";"GO";"94595";"MINEIROS";13;"Vereador";15
"08/10/2024";"12:05:07";2024;2;"Eleição Ordinária";619;"Eleições Municipais 2024";"06/10/2024";"01/01/2025";"GO";"94650";"MOIPORÁ";11;"Prefeito";1
"08/10/2024";"12:05:07";2024;2;"Eleição Ordinária";619;"Eleições Municipais 2024";"06/10/2024";"01/01/2025";"GO";"94650";"MOIPORÁ";12;"Vice-prefeito";1
"08/10/2024";"12:05:07";2024;2;"Eleição Ordinária";619;"Eleições Municipais 2024";"06/10/2024";"01/01/2025";"GO";"94650";"MOIPORÁ";13;"Vereador";9
"08/10/2024";"12:05:07";2024;2;"Eleição Ordinária";619;"Eleições Municipais 2024";"06/10/2024";"01/01/2025";"GO";"94676";"MONTE ALEGRE DE GOIÁS";11;"Prefeito";1
"08/10/2024";"12:05:07";2024;2;"Eleição Ordinária";619;"Eleições Municipais 2024";"06/10/2024";"01/01/2025";"GO";"94676";"MONTE ALEGRE DE GOIÁS";12;"Vice-prefeito";1
"08/10/2024";"12:05:07";2024;2;"Eleição Ordinária";619;"Eleições Municipais 2024";"06/10/2024";"01/01/2025";"GO";"94676";"MONTE ALEGRE DE GOIÁS";13;"Vereador";9
"08/10/2024";"12:05:07";2024;2;"Eleição Ordinária";619;"Eleições Municipais 2024";"06/10/2024";"01/01/2025";"GO";"94714";"MONTES CLAROS DE GOIÁS";11;"Prefeito";1
"08/10/2024";"12:05:07";2024;2;"Eleição Ordinária";619;"Eleições Municipais 2024";"06/10/2024";"01/01/2025";"GO";"94714";"MONTES CLAROS DE GOIÁS";12;"Vice-prefeito";1
"08/10/2024";"12:05:07";2024;2;"Eleição Ordinária";619;"Eleições Municipais 2024";"06/10/2024";"01/01/2025";"GO";"94714";"MONTES CLAROS DE GOIÁS";13;"Vereador";9
"08/10/2024";"12:05:07";2024;2;"Eleição Ordinária";619;"Eleições Municipais 2024";"06/10/2024";"01/01/2025";"GO";"92363";"MONTIVIDIU";11;"Prefeito";1
"08/10/2024";"12:05:07";2024;2;"Eleição Ordinária";619;"Eleições Municipais 2024";"06/10/2024";"01/01/2025";"GO";"92363";"MONTIVIDIU";12;"Vice-prefeito";1
"08/10/2024";"12:05:07";2024;2;"Eleição Ordinária";619;"Eleições Municipais 2024";"06/10/2024";"01/01/2025";"GO";"92363";"MONTIVIDIU";13;"Vereador";9
"08/10/2024";"12:05:07";2024;2;"Eleição Ordinária";619;"Eleições Municipais 2024";"06/10/2024";"01/01/2025";"GO";"93181";"MONTIVIDIU DO NORTE";11;"Prefeito";1
"08/10/2024";"12:05:07";2024;2;"Eleição Ordinária";619;"Eleições Municipais 2024";"06/10/2024";"01/01/2025";"GO";"93181";"MONTIVIDIU DO NORTE";12;"Vice-prefeito";1
"08/10/2024";"12:05:07";2024;2;"Eleição Ordinária";619;"Eleições Municipais 2024";"06/10/2024";"01/01/2025";"GO";"93181";"MONTIVIDIU DO NORTE";13;"Vereador";9
"08/10/2024";"12:05:07";2024;2;"Eleição Ordinária";619;"Eleições Municipais 2024";"06/10/2024";"01/01/2025";"GO";"95397";"PIRACANJUBA";11;"Prefeito";1
"08/10/2024";"12:05:07";2024;2;"Eleição Ordinária";619;"Eleições Municipais 2024";"06/10/2024";"01/01/2025";"GO";"95397";"PIRACANJUBA";12;"Vice-prefeito";1
"08/10/2024";"12:05:07";2024;2;"Eleição Ordinária";619;"Eleições Municipais 2024";"06/10/2024";"01/01/2025";"GO";"95397";"PIRACANJUBA";13;"Vereador";11
"08/10/2024";"12:05:07";2024;2;"Eleição Ordinária";619;"Eleições Municipais 2024";"06/10/2024";"01/01/2025";"GO";"95435";"PIRENÓPOLIS";11;"Prefeito";1
"08/10/2024";"12:05:07";2024;2;"Eleição Ordinária";619;"Eleições Municipais 2024";"06/10/2024";"01/01/2025";"GO";"95435";"PIRENÓPOLIS";12;"Vice-prefeito";1
"08/10/2024";"12:05:07";2024;2;"Eleição Ordinária";619;"Eleições Municipais 2024";"06/10/2024";"01/01/2025";"GO";"95435";"PIRENÓPOLIS";13;"Vereador";11
"08/10/2024";"12:05:07";2024;2;"Eleição Ordinária";619;"Eleições Municipais 2024";"06/10/2024";"01/01/2025";"GO";"95494";"PONTALINA";11;"Prefeito";1
"08/10/2024";"12:05:07";2024;2;"Eleição Ordinária";619;"Eleições Municipais 2024";"06/10/2024";"01/01/2025";"GO";"95494";"PONTALINA";12;"Vice-prefeito";1
"08/10/2024";"12:05:07";2024;2;"Eleição Ordinária";619;"Eleições Municipais 2024";"06/10/2024";"01/01/2025";"GO";"95494";"PONTALINA";13;"Vereador";11
"08/10/2024";"12:05:07";2024;2;"Eleição Ordinária";619;"Eleições Municipais 2024";"06/10/2024";"01/01/2025";"GO";"93424";"PORTEIRÃO";11;"Prefeito";1
"08/10/2024";"12:05:07";2024;2;"Eleição Ordinária";619;"Eleições Municipais 2024";"06/10/2024";"01/01/2025";"GO";"93424";"PORTEIRÃO";12;"Vice-prefeito";1
"08/10/2024";"12:05:07";2024;2;"Eleição Ordinária";619;"Eleições Municipais 2024";"06/10/2024";"01/01/2025";"GO";"93424";"PORTEIRÃO";13;"Vereador";9
"08/10/2024";"12:05:07";2024;2;"Eleição Ordinária";619;"Eleições Municipais 2024";"06/10/2024";"01/01/2025";"GO";"95575";"PORTELÂNDIA";11;"Prefeito";1
"08/10/2024";"12:05:07";2024;2;"Eleição Ordinária";619;"Eleições Municipais 2024";"06/10/2024";"01/01/2025";"GO";"95575";"PORTELÂNDIA";12;"Vice-prefeito";1
"08/10/2024";"12:05:07";2024;2;"Eleição Ordinária";619;"Eleições Municipais 2024";"06/10/2024";"01/01/2025";"GO";"95575";"PORTELÂNDIA";13;"Vereador";9
"08/10/2024";"12:05:07";2024;2;"Eleição Ordinária";619;"Eleições Municipais 2024";"06/10/2024";"01/01/2025";"GO";"95613";"POSSE";11;"Prefeito";1
"08/10/2024";"12:05:07";2024;2;"Eleição Ordinária";619;"Eleições Municipais 2024";"06/10/2024";"01/01/2025";"GO";"95613";"POSSE";12;"Vice-prefeito";1
"08/10/2024";"12:05:07";2024;2;"Eleição Ordinária";619;"Eleições Municipais 2024";"06/10/2024";"01/01/2025";"GO";"95613";"POSSE";13;"Vereador";13
"08/10/2024";"12:05:07";2024;2;"Eleição Ordinária";619;"Eleições Municipais 2024";"06/10/2024";"01/01/2025";"GO";"93041";"PROFESSOR JAMIL";11;"Prefeito";1
"08/10/2024";"12:05:07";2024;2;"Eleição Ordinária";619;"Eleições Municipais 2024";"06/10/2024";"01/01/2025";"GO";"93041";"PROFESSOR JAMIL";12;"Vice-prefeito";1
"08/10/2024";"12:05:07";2024;2;"Eleição Ordinária";619;"Eleições Municipais 2024";"06/10/2024";"01/01/2025";"GO";"93041";"PROFESSOR JAMIL";13;"Vereador";9
"08/10/2024";"12:05:07";2024;2;"Eleição Ordinária";619;"Eleições Municipais 2024";"06/10/2024";"01/01/2025";"GO";"92886";"COCALZINHO DE GOIÁS";11;"Prefeito";1
"08/10/2024";"12:05:07";2024;2;"Eleição Ordinária";619;"Eleições Municipais 2024";"06/10/2024";"01/01/2025";"GO";"92886";"COCALZINHO DE GOIÁS";12;"Vice-prefeito";1
"08/10/2024";"12:05:07";2024;2;"Eleição Ordinária";619;"Eleições Municipais 2024";"06/10/2024";"01/01/2025";"GO";"92886";"COCALZINHO DE GOIÁS";13;"Vereador";11
"08/10/2024";"12:05:07";2024;2;"Eleição Ordinária";619;"Eleições Municipais 2024";"06/10/2024";"01/01/2025";"GO";"92126";"COLINAS DO SUL";11;"Prefeito";1
"08/10/2024";"12:05:07";2024;2;"Eleição Ordinária";619;"Eleições Municipais 2024";"06/10/2024";"01/01/2025";"GO";"92126";"COLINAS DO SUL";12;"Vice-prefeito";1
"08/10/2024";"12:05:07";2024;2;"Eleição Ordinária";619;"Eleições Municipais 2024";"06/10/2024";"01/01/2025";"GO";"92126";"COLINAS DO SUL";13;"Vereador";9
"08/10/2024";"12:05:07";2024;2;"Eleição Ordinária";619;"Eleições Municipais 2024";"06/10/2024";"01/01/2025";"GO";"93157";"CÓRREGO DO OURO";11;"Prefeito";1
"08/10/2024";"12:05:07";2024;2;"Eleição Ordinária";619;"Eleições Municipais 2024";"06/10/2024";"01/01/2025";"GO";"93157";"CÓRREGO DO OURO";12;"Vice-prefeito";1
"08/10/2024";"12:05:07";2024;2;"Eleição Ordinária";619;"Eleições Municipais 2024";"06/10/2024";"01/01/2025";"GO";"93157";"CÓRREGO DO OURO";13;"Vereador";9
"08/10/2024";"12:05:07";2024;2;"Eleição Ordinária";619;"Eleições Municipais 2024";"06/10/2024";"01/01/2025";"GO";"93173";"CORUMBÁ DE GOIÁS";11;"Prefeito";1
"08/10/2024";"12:05:07";2024;2;"Eleição Ordinária";619;"Eleições Municipais 2024";"06/10/2024";"01/01/2025";"GO";"93173";"CORUMBÁ DE GOIÁS";12;"Vice-prefeito";1
"08/10/2024";"12:05:07";2024;2;"Eleição Ordinária";619;"Eleições Municipais 2024";"06/10/2024";"01/01/2025";"GO";"93173";"CORUMBÁ DE GOIÁS";13;"Vereador";9
"08/10/2024";"12:05:07";2024;2;"Eleição Ordinária";619;"Eleições Municipais 2024";"06/10/2024";"01/01/2025";"GO";"93190";"CORUMBAÍBA";11;"Prefeito";1
"08/10/2024";"12:05:07";2024;2;"Eleição Ordinária";619;"Eleições Municipais 2024";"06/10/2024";"01/01/2025";"GO";"93190";"CORUMBAÍBA";12;"Vice-prefeito";1
"08/10/2024";"12:05:07";2024;2;"Eleição Ordinária";619;"Eleições Municipais 2024";"06/10/2024";"01/01/2025";"GO";"93190";"CORUMBAÍBA";13;"Vereador";9
"08/10/2024";"12:05:07";2024;2;"Eleição Ordinária";619;"Eleições Municipais 2024";"06/10/2024";"01/01/2025";"GO";"93297";"CRIXÁS";11;"Prefeito";1
"08/10/2024";"12:05:07";2024;2;"Eleição Ordinária";619;"Eleições Municipais 2024";"06/10/2024";"01/01/2025";"GO";"93297";"CRIXÁS";12;"Vice-prefeito";1
"08/10/2024";"12:05:07";2024;2;"Eleição Ordinária";619;"Eleições Municipais 2024";"06/10/2024";"01/01/2025";"GO";"93297";"CRIXÁS";13;"Vereador";11
"08/10/2024";"12:05:07";2024;2;"Eleição Ordinária";619;"Eleições Municipais 2024";"06/10/2024";"01/01/2025";"GO";"93319";"CROMÍNIA";11;"Prefeito";1
"08/10/2024";"12:05:07";2024;2;"Eleição Ordinária";619;"Eleições Municipais 2024";"06/10/2024";"01/01/2025";"GO";"93319";"CROMÍNIA";12;"Vice-prefeito";1
"08/10/2024";"12:05:07";2024;2;"Eleição Ordinária";619;"Eleições Municipais 2024";"06/10/2024";"01/01/2025";"GO";"93319";"CROMÍNIA";13;"Vereador";9
"08/10/2024";"12:05:07";2024;2;"Eleição Ordinária";619;"Eleições Municipais 2024";"06/10/2024";"01/01/2025";"GO";"93335";"CUMARI";11;"Prefeito";1
"08/10/2024";"12:05:07";2024;2;"Eleição Ordinária";619;"Eleições Municipais 2024";"06/10/2024";"01/01/2025";"GO";"93335";"CUMARI";12;"Vice-prefeito";1
"08/10/2024";"12:05:07";2024;2;"Eleição Ordinária";619;"Eleições Municipais 2024";"06/10/2024";"01/01/2025";"GO";"93335";"CUMARI";13;"Vereador";9
"08/10/2024";"12:05:07";2024;2;"Eleição Ordinária";619;"Eleições Municipais 2024";"06/10/2024";"01/01/2025";"GO";"93351";"DAMIANÓPOLIS";11;"Prefeito";1
"08/10/2024";"12:05:07";2024;2;"Eleição Ordinária";619;"Eleições Municipais 2024";"06/10/2024";"01/01/2025";"GO";"93351";"DAMIANÓPOLIS";12;"Vice-prefeito";1
"08/10/2024";"12:05:07";2024;2;"Eleição Ordinária";619;"Eleições Municipais 2024";"06/10/2024";"01/01/2025";"GO";"93351";"DAMIANÓPOLIS";13;"Vereador";9
"08/10/2024";"12:05:07";2024;2;"Eleição Ordinária";619;"Eleições Municipais 2024";"06/10/2024";"01/01/2025";"GO";"93394";"DAVINÓPOLIS";11;"Prefeito";1
"08/10/2024";"12:05:07";2024;2;"Eleição Ordinária";619;"Eleições Municipais 2024";"06/10/2024";"01/01/2025";"GO";"93394";"DAVINÓPOLIS";12;"Vice-prefeito";1
"08/10/2024";"12:05:07";2024;2;"Eleição Ordinária";619;"Eleições Municipais 2024";"06/10/2024";"01/01/2025";"GO";"93394";"DAVINÓPOLIS";13;"Vereador";9
"08/10/2024";"12:05:07";2024;2;"Eleição Ordinária";619;"Eleições Municipais 2024";"06/10/2024";"01/01/2025";"GO";"92207";"EDEALINA";11;"Prefeito";1
"08/10/2024";"12:05:07";2024;2;"Eleição Ordinária";619;"Eleições Municipais 2024";"06/10/2024";"01/01/2025";"GO";"92207";"EDEALINA";12;"Vice-prefeito";1
"08/10/2024";"12:05:07";2024;2;"Eleição Ordinária";619;"Eleições Municipais 2024";"06/10/2024";"01/01/2025";"GO";"92207";"EDEALINA";13;"Vereador";9
"08/10/2024";"12:05:07";2024;2;"Eleição Ordinária";619;"Eleições Municipais 2024";"06/10/2024";"01/01/2025";"GO";"93491";"EDÉIA";11;"Prefeito";1
"08/10/2024";"12:05:07";2024;2;"Eleição Ordinária";619;"Eleições Municipais 2024";"06/10/2024";"01/01/2025";"GO";"93491";"EDÉIA";12;"Vice-prefeito";1
"08/10/2024";"12:05:07";2024;2;"Eleição Ordinária";619;"Eleições Municipais 2024";"06/10/2024";"01/01/2025";"GO";"93491";"EDÉIA";13;"Vereador";9
"08/10/2024";"12:05:07";2024;2;"Eleição Ordinária";619;"Eleições Municipais 2024";"06/10/2024";"01/01/2025";"GO";"92223";"FAINA";11;"Prefeito";1
"08/10/2024";"12:05:07";2024;2;"Eleição Ordinária";619;"Eleições Municipais 2024";"06/10/2024";"01/01/2025";"GO";"92223";"FAINA";12;"Vice-prefeito";1
"08/10/2024";"12:05:07";2024;2;"Eleição Ordinária";619;"Eleições Municipais 2024";"06/10/2024";"01/01/2025";"GO";"92223";"FAINA";13;"Vereador";9
"08/10/2024";"12:05:07";2024;2;"Eleição Ordinária";619;"Eleições Municipais 2024";"06/10/2024";"01/01/2025";"GO";"93530";"FAZENDA NOVA";11;"Prefeito";1
"08/10/2024";"12:05:07";2024;2;"Eleição Ordinária";619;"Eleições Municipais 2024";"06/10/2024";"01/01/2025";"GO";"93530";"FAZENDA NOVA";12;"Vice-prefeito";1
"08/10/2024";"12:05:07";2024;2;"Eleição Ordinária";619;"Eleições Municipais 2024";"06/10/2024";"01/01/2025";"GO";"93530";"FAZENDA NOVA";13;"Vereador";9
"08/10/2024";"12:05:07";2024;2;"Eleição Ordinária";619;"Eleições Municipais 2024";"06/10/2024";"01/01/2025";"GO";"93572";"FIRMINÓPOLIS";11;"Prefeito";1
"08/10/2024";"12:05:07";2024;2;"Eleição Ordinária";619;"Eleições Municipais 2024";"06/10/2024";"01/01/2025";"GO";"93572";"FIRMINÓPOLIS";12;"Vice-prefeito";1
"08/10/2024";"12:05:07";2024;2;"Eleição Ordinária";619;"Eleições Municipais 2024";"06/10/2024";"01/01/2025";"GO";"93572";"FIRMINÓPOLIS";13;"Vereador";9
"08/10/2024";"12:05:07";2024;2;"Eleição Ordinária";619;"Eleições Municipais 2024";"06/10/2024";"01/01/2025";"GO";"93610";"FORMOSA";11;"Prefeito";1
"08/10/2024";"12:05:07";2024;2;"Eleição Ordinária";619;"Eleições Municipais 2024";"06/10/2024";"01/01/2025";"GO";"93610";"FORMOSA";12;"Vice-prefeito";1
"08/10/2024";"12:05:07";2024;2;"Eleição Ordinária";619;"Eleições Municipais 2024";"06/10/2024";"01/01/2025";"GO";"93610";"FORMOSA";13;"Vereador";17
"08/10/2024";"12:05:07";2024;2;"Eleição Ordinária";619;"Eleições Municipais 2024";"06/10/2024";"01/01/2025";"GO";"93670";"GOIANÁPOLIS";11;"Prefeito";1
"08/10/2024";"12:05:07";2024;2;"Eleição Ordinária";619;"Eleições Municipais 2024";"06/10/2024";"01/01/2025";"GO";"93670";"GOIANÁPOLIS";12;"Vice-prefeito";1
"08/10/2024";"12:05:07";2024;2;"Eleição Ordinária";619;"Eleições Municipais 2024";"06/10/2024";"01/01/2025";"GO";"93670";"GOIANÁPOLIS";13;"Vereador";9
"08/10/2024";"12:05:07";2024;2;"Eleição Ordinária";619;"Eleições Municipais 2024";"06/10/2024";"01/01/2025";"GO";"93718";"GOIANÉSIA";11;"Prefeito";1
"08/10/2024";"12:05:07";2024;2;"Eleição Ordinária";619;"Eleições Municipais 2024";"06/10/2024";"01/01/2025";"GO";"93718";"GOIANÉSIA";12;"Vice-prefeito";1
"08/10/2024";"12:05:07";2024;2;"Eleição Ordinária";619;"Eleições Municipais 2024";"06/10/2024";"01/01/2025";"GO";"93718";"GOIANÉSIA";13;"Vereador";15
"08/10/2024";"12:05:07";2024;2;"Eleição Ordinária";619;"Eleições Municipais 2024";"06/10/2024";"01/01/2025";"GO";"93750";"GOIANIRA";11;"Prefeito";1
"08/10/2024";"12:05:07";2024;2;"Eleição Ordinária";619;"Eleições Municipais 2024";"06/10/2024";"01/01/2025";"GO";"93750";"GOIANIRA";12;"Vice-prefeito";1
"08/10/2024";"12:05:07";2024;2;"Eleição Ordinária";619;"Eleições Municipais 2024";"06/10/2024";"01/01/2025";"GO";"93750";"GOIANIRA";13;"Vereador";11
"08/10/2024";"12:05:07";2024;2;"Eleição Ordinária";619;"Eleições Municipais 2024";"06/10/2024";"01/01/2025";"GO";"93793";"GOIATUBA";11;"Prefeito";1
"08/10/2024";"12:05:07";2024;2;"Eleição Ordinária";619;"Eleições Municipais 2024";"06/10/2024";"01/01/2025";"GO";"93793";"GOIATUBA";12;"Vice-prefeito";1
"08/10/2024";"12:05:07";2024;2;"Eleição Ordinária";619;"Eleições Municipais 2024";"06/10/2024";"01/01/2025";"GO";"93793";"GOIATUBA";13;"Vereador";13
"08/10/2024";"12:05:07";2024;2;"Eleição Ordinária";619;"Eleições Municipais 2024";"06/10/2024";"01/01/2025";"GO";"92266";"GOUVELÂNDIA";11;"Prefeito";1
"08/10/2024";"12:05:07";2024;2;"Eleição Ordinária";619;"Eleições Municipais 2024";"06/10/2024";"01/01/2025";"GO";"92266";"GOUVELÂNDIA";12;"Vice-prefeito";1
"08/10/2024";"12:05:07";2024;2;"Eleição Ordinária";619;"Eleições Municipais 2024";"06/10/2024";"01/01/2025";"GO";"92266";"GOUVELÂNDIA";13;"Vereador";9
"08/10/2024";"12:05:07";2024;2;"Eleição Ordinária";619;"Eleições Municipais 2024";"06/10/2024";"01/01/2025";"GO";"93831";"GUARANI DE GOIÁS";11;"Prefeito";1
"08/10/2024";"12:05:07";2024;2;"Eleição Ordinária";619;"Eleições Municipais 2024";"06/10/2024";"01/01/2025";"GO";"93831";"GUARANI DE GOIÁS";12;"Vice-prefeito";1
"08/10/2024";"12:05:07";2024;2;"Eleição Ordinária";619;"Eleições Municipais 2024";"06/10/2024";"01/01/2025";"GO";"93831";"GUARANI DE GOIÁS";13;"Vereador";9
"08/10/2024";"12:05:07";2024;2;"Eleição Ordinária";619;"Eleições Municipais 2024";"06/10/2024";"01/01/2025";"GO";"92860";"GUARINOS";11;"Prefeito";1
"08/10/2024";"12:05:07";2024;2;"Eleição Ordinária";619;"Eleições Municipais 2024";"06/10/2024";"01/01/2025";"GO";"92860";"GUARINOS";12;"Vice-prefeito";1
"08/10/2024";"12:05:07";2024;2;"Eleição Ordinária";619;"Eleições Municipais 2024";"06/10/2024";"01/01/2025";"GO";"92860";"GUARINOS";13;"Vereador";9
"08/10/2024";"12:05:07";2024;2;"Eleição Ordinária";619;"Eleições Municipais 2024";"06/10/2024";"01/01/2025";"GO";"93890";"HIDROLÂNDIA";11;"Prefeito";1
"08/10/2024";"12:05:07";2024;2;"Eleição Ordinária";619;"Eleições Municipais 2024";"06/10/2024";"01/01/2025";"GO";"93890";"HIDROLÂNDIA";12;"Vice-prefeito";1
"08/10/2024";"12:05:07";2024;2;"Eleição Ordinária";619;"Eleições Municipais 2024";"06/10/2024";"01/01/2025";"GO";"93890";"HIDROLÂNDIA";13;"Vereador";11
"08/10/2024";"12:05:07";2024;2;"Eleição Ordinária";619;"Eleições Municipais 2024";"06/10/2024";"01/01/2025";"GO";"93939";"IACIARA";11;"Prefeito";1
"08/10/2024";"12:05:07";2024;2;"Eleição Ordinária";619;"Eleições Municipais 2024";"06/10/2024";"01/01/2025";"GO";"93939";"IACIARA";12;"Vice-prefeito";1
"08/10/2024";"12:05:07";2024;2;"Eleição Ordinária";619;"Eleições Municipais 2024";"06/10/2024";"01/01/2025";"GO";"93939";"IACIARA";13;"Vereador";9
"08/10/2024";"12:05:07";2024;2;"Eleição Ordinária";619;"Eleições Municipais 2024";"06/10/2024";"01/01/2025";"GO";"96814";"INDIARA";11;"Prefeito";1
"08/10/2024";"12:05:07";2024;2;"Eleição Ordinária";619;"Eleições Municipais 2024";"06/10/2024";"01/01/2025";"GO";"96814";"INDIARA";12;"Vice-prefeito";1
"08/10/2024";"12:05:07";2024;2;"Eleição Ordinária";619;"Eleições Municipais 2024";"06/10/2024";"01/01/2025";"GO";"96814";"INDIARA";13;"Vereador";11
"08/10/2024";"12:05:07";2024;2;"Eleição Ordinária";619;"Eleições Municipais 2024";"06/10/2024";"01/01/2025";"GO";"93971";"IPAMERI";11;"Prefeito";1
"08/10/2024";"12:05:07";2024;2;"Eleição Ordinária";619;"Eleições Municipais 2024";"06/10/2024";"01/01/2025";"GO";"93971";"IPAMERI";12;"Vice-prefeito";1
"08/10/2024";"12:05:07";2024;2;"Eleição Ordinária";619;"Eleições Municipais 2024";"06/10/2024";"01/01/2025";"GO";"93971";"IPAMERI";13;"Vereador";11
"08/10/2024";"12:05:07";2024;2;"Eleição Ordinária";619;"Eleições Municipais 2024";"06/10/2024";"01/01/2025";"GO";"93548";"IPIRANGA DE GOIÁS";11;"Prefeito";1
"08/10/2024";"12:05:07";2024;2;"Eleição Ordinária";619;"Eleições Municipais 2024";"06/10/2024";"01/01/2025";"GO";"93548";"IPIRANGA DE GOIÁS";12;"Vice-prefeito";1
"08/10/2024";"12:05:07";2024;2;"Eleição Ordinária";619;"Eleições Municipais 2024";"06/10/2024";"01/01/2025";"GO";"93548";"IPIRANGA DE GOIÁS";13;"Vereador";9
"08/10/2024";"12:05:07";2024;2;"Eleição Ordinária";619;"Eleições Municipais 2024";"06/10/2024";"01/01/2025";"GO";"94013";"ISRAELÂNDIA";11;"Prefeito";1
"08/10/2024";"12:05:07";2024;2;"Eleição Ordinária";619;"Eleições Municipais 2024";"06/10/2024";"01/01/2025";"GO";"94013";"ISRAELÂNDIA";12;"Vice-prefeito";1
"08/10/2024";"12:05:07";2024;2;"Eleição Ordinária";619;"Eleições Municipais 2024";"06/10/2024";"01/01/2025";"GO";"94013";"ISRAELÂNDIA";13;"Vereador";9
"08/10/2024";"12:05:07";2024;2;"Eleição Ordinária";619;"Eleições Municipais 2024";"06/10/2024";"01/01/2025";"GO";"92282";"ITAGUARI";11;"Prefeito";1
"08/10/2024";"12:05:07";2024;2;"Eleição Ordinária";619;"Eleições Municipais 2024";"06/10/2024";"01/01/2025";"GO";"92282";"ITAGUARI";12;"Vice-prefeito";1
"08/10/2024";"12:05:07";2024;2;"Eleição Ordinária";619;"Eleições Municipais 2024";"06/10/2024";"01/01/2025";"GO";"92282";"ITAGUARI";13;"Vereador";9
"08/10/2024";"12:05:07";2024;2;"Eleição Ordinária";619;"Eleições Municipais 2024";"06/10/2024";"01/01/2025";"GO";"94072";"ITAGUARU";11;"Prefeito";1
"08/10/2024";"12:05:07";2024;2;"Eleição Ordinária";619;"Eleições Municipais 2024";"06/10/2024";"01/01/2025";"GO";"94072";"ITAGUARU";12;"Vice-prefeito";1
"08/10/2024";"12:05:07";2024;2;"Eleição Ordinária";619;"Eleições Municipais 2024";"06/10/2024";"01/01/2025";"GO";"94072";"ITAGUARU";13;"Vereador";9
"08/10/2024";"12:05:07";2024;2;"Eleição Ordinária";619;"Eleições Municipais 2024";"06/10/2024";"01/01/2025";"GO";"94137";"ITAPACI";11;"Prefeito";1
"08/10/2024";"12:05:07";2024;2;"Eleição Ordinária";619;"Eleições Municipais 2024";"06/10/2024";"01/01/2025";"GO";"94137";"ITAPACI";12;"Vice-prefeito";1
"08/10/2024";"12:05:07";2024;2;"Eleição Ordinária";619;"Eleições Municipais 2024";"06/10/2024";"01/01/2025";"GO";"94137";"ITAPACI";13;"Vereador";11
"08/10/2024";"12:05:07";2024;2;"Eleição Ordinária";619;"Eleições Municipais 2024";"06/10/2024";"01/01/2025";"GO";"94196";"ITAPURANGA";11;"Prefeito";1
"08/10/2024";"12:05:07";2024;2;"Eleição Ordinária";619;"Eleições Municipais 2024";"06/10/2024";"01/01/2025";"GO";"94196";"ITAPURANGA";12;"Vice-prefeito";1
"08/10/2024";"12:05:07";2024;2;"Eleição Ordinária";619;"Eleições Municipais 2024";"06/10/2024";"01/01/2025";"GO";"94196";"ITAPURANGA";13;"Vereador";11
"08/10/2024";"12:05:07";2024;2;"Eleição Ordinária";619;"Eleições Municipais 2024";"06/10/2024";"01/01/2025";"GO";"94234";"ITAUÇU";11;"Prefeito";1
"08/10/2024";"12:05:07";2024;2;"Eleição Ordinária";619;"Eleições Municipais 2024";"06/10/2024";"01/01/2025";"GO";"94234";"ITAUÇU";12;"Vice-prefeito";1
"08/10/2024";"12:05:07";2024;2;"Eleição Ordinária";619;"Eleições Municipais 2024";"06/10/2024";"01/01/2025";"GO";"94234";"ITAUÇU";13;"Vereador";9
"08/10/2024";"12:05:07";2024;2;"Eleição Ordinária";619;"Eleições Municipais 2024";"06/10/2024";"01/01/2025";"GO";"94250";"ITUMBIARA";11;"Prefeito";1
"08/10/2024";"12:05:07";2024;2;"Eleição Ordinária";619;"Eleições Municipais 2024";"06/10/2024";"01/01/2025";"GO";"94250";"ITUMBIARA";12;"Vice-prefeito";1
"08/10/2024";"12:05:07";2024;2;"Eleição Ordinária";619;"Eleições Municipais 2024";"06/10/2024";"01/01/2025";"GO";"94250";"ITUMBIARA";13;"Vereador";12
"08/10/2024";"12:05:07";2024;2;"Eleição Ordinária";619;"Eleições Municipais 2024";"06/10/2024";"01/01/2025";"GO";"94293";"JANDAIA";11;"Prefeito";1
"08/10/2024";"12:05:07";2024;2;"Eleição Ordinária";619;"Eleições Municipais 2024";"06/10/2024";"01/01/2025";"GO";"94293";"JANDAIA";12;"Vice-prefeito";1
"08/10/2024";"12:05:07";2024;2;"Eleição Ordinária";619;"Eleições Municipais 2024";"06/10/2024";"01/01/2025";"GO";"94293";"JANDAIA";13;"Vereador";9
"08/10/2024";"12:05:07";2024;2;"Eleição Ordinária";619;"Eleições Municipais 2024";"06/10/2024";"01/01/2025";"GO";"94331";"JATAÍ";11;"Prefeito";1
"08/10/2024";"12:05:07";2024;2;"Eleição Ordinária";619;"Eleições Municipais 2024";"06/10/2024";"01/01/2025";"GO";"94331";"JATAÍ";12;"Vice-prefeito";1
"08/10/2024";"12:05:07";2024;2;"Eleição Ordinária";619;"Eleições Municipais 2024";"06/10/2024";"01/01/2025";"GO";"94331";"JATAÍ";13;"Vereador";10
"08/10/2024";"12:05:07";2024;2;"Eleição Ordinária";619;"Eleições Municipais 2024";"06/10/2024";"01/01/2025";"GO";"96458";"ACREÚNA";11;"Prefeito";1
"08/10/2024";"12:05:07";2024;2;"Eleição Ordinária";619;"Eleições Municipais 2024";"06/10/2024";"01/01/2025";"GO";"96458";"ACREÚNA";12;"Vice-prefeito";1
"08/10/2024";"12:05:07";2024;2;"Eleição Ordinária";619;"Eleições Municipais 2024";"06/10/2024";"01/01/2025";"GO";"96458";"ACREÚNA";13;"Vereador";11
"08/10/2024";"12:05:07";2024;2;"Eleição Ordinária";619;"Eleições Municipais 2024";"06/10/2024";"01/01/2025";"GO";"96911";"ADELÂNDIA";11;"Prefeito";1
"08/10/2024";"12:05:07";2024;2;"Eleição Ordinária";619;"Eleições Municipais 2024";"06/10/2024";"01/01/2025";"GO";"96911";"ADELÂNDIA";12;"Vice-prefeito";1
"08/10/2024";"12:05:07";2024;2;"Eleição Ordinária";619;"Eleições Municipais 2024";"06/10/2024";"01/01/2025";"GO";"96911";"ADELÂNDIA";13;"Vereador";9
"08/10/2024";"12:05:07";2024;2;"Eleição Ordinária";619;"Eleições Municipais 2024";"06/10/2024";"01/01/2025";"GO";"96938";"ÁGUA FRIA DE GOIÁS";11;"Prefeito";1
"08/10/2024";"12:05:07";2024;2;"Eleição Ordinária";619;"Eleições Municipais 2024";"06/10/2024";"01/01/2025";"GO";"96938";"ÁGUA FRIA DE GOIÁS";12;"Vice-prefeito";1
"08/10/2024";"12:05:07";2024;2;"Eleição Ordinária";619;"Eleições Municipais 2024";"06/10/2024";"01/01/2025";"GO";"96938";"ÁGUA FRIA DE GOIÁS";13;"Vereador";9
"08/10/2024";"12:05:07";2024;2;"Eleição Ordinária";619;"Eleições Municipais 2024";"06/10/2024";"01/01/2025";"GO";"92053";"ALEXÂNIA";11;"Prefeito";1
"08/10/2024";"12:05:07";2024;2;"Eleição Ordinária";619;"Eleições Municipais 2024";"06/10/2024";"01/01/2025";"GO";"92053";"ALEXÂNIA";12;"Vice-prefeito";1
"08/10/2024";"12:05:07";2024;2;"Eleição Ordinária";619;"Eleições Municipais 2024";"06/10/2024";"01/01/2025";"GO";"92053";"ALEXÂNIA";13;"Vereador";11
"08/10/2024";"12:05:07";2024;2;"Eleição Ordinária";619;"Eleições Municipais 2024";"06/10/2024";"01/01/2025";"GO";"92096";"ALOÂNDIA";11;"Prefeito";1
"08/10/2024";"12:05:07";2024;2;"Eleição Ordinária";619;"Eleições Municipais 2024";"06/10/2024";"01/01/2025";"GO";"92096";"ALOÂNDIA";12;"Vice-prefeito";1
"08/10/2024";"12:05:07";2024;2;"Eleição Ordinária";619;"Eleições Municipais 2024";"06/10/2024";"01/01/2025";"GO";"92096";"ALOÂNDIA";13;"Vereador";9
"08/10/2024";"12:05:07";2024;2;"Eleição Ordinária";619;"Eleições Municipais 2024";"06/10/2024";"01/01/2025";"GO";"92940";"ALTO HORIZONTE";11;"Prefeito";1
"08/10/2024";"12:05:07";2024;2;"Eleição Ordinária";619;"Eleições Municipais 2024";"06/10/2024";"01/01/2025";"GO";"92940";"ALTO HORIZONTE";12;"Vice-prefeito";1
"08/10/2024";"12:05:07";2024;2;"Eleição Ordinária";619;"Eleições Municipais 2024";"06/10/2024";"01/01/2025";"GO";"92940";"ALTO HORIZONTE";13;"Vereador";9
"08/10/2024";"12:05:07";2024;2;"Eleição Ordinária";619;"Eleições Municipais 2024";"06/10/2024";"01/01/2025";"GO";"92150";"ALVORADA DO NORTE";11;"Prefeito";1
"08/10/2024";"12:05:07";2024;2;"Eleição Ordinária";619;"Eleições Municipais 2024";"06/10/2024";"01/01/2025";"GO";"92150";"ALVORADA DO NORTE";12;"Vice-prefeito";1
"08/10/2024";"12:05:07";2024;2;"Eleição Ordinária";619;"Eleições Municipais 2024";"06/10/2024";"01/01/2025";"GO";"92150";"ALVORADA DO NORTE";13;"Vereador";9
"08/10/2024";"12:05:07";2024;2;"Eleição Ordinária";619;"Eleições Municipais 2024";"06/10/2024";"01/01/2025";"GO";"93386";"AMARALINA";11;"Prefeito";1
"08/10/2024";"12:05:07";2024;2;"Eleição Ordinária";619;"Eleições Municipais 2024";"06/10/2024";"01/01/2025";"GO";"93386";"AMARALINA";12;"Vice-prefeito";1
"08/10/2024";"12:05:07";2024;2;"Eleição Ordinária";619;"Eleições Municipais 2024";"06/10/2024";"01/01/2025";"GO";"93386";"AMARALINA";13;"Vereador";9
"08/10/2024";"12:05:07";2024;2;"Eleição Ordinária";619;"Eleições Municipais 2024";"06/10/2024";"01/01/2025";"GO";"96610";"AMERICANO DO BRASIL";11;"Prefeito";1
"08/10/2024";"12:05:07";2024;2;"Eleição Ordinária";619;"Eleições Municipais 2024";"06/10/2024";"01/01/2025";"GO";"96610";"AMERICANO DO BRASIL";12;"Vice-prefeito";1
"08/10/2024";"12:05:07";2024;2;"Eleição Ordinária";619;"Eleições Municipais 2024";"06/10/2024";"01/01/2025";"GO";"96610";"AMERICANO DO BRASIL";13;"Vereador";9
"08/10/2024";"12:05:07";2024;2;"Eleição Ordinária";619;"Eleições Municipais 2024";"06/10/2024";"01/01/2025";"GO";"92177";"AMORINÓPOLIS";11;"Prefeito";1
"08/10/2024";"12:05:07";2024;2;"Eleição Ordinária";619;"Eleições Municipais 2024";"06/10/2024";"01/01/2025";"GO";"92177";"AMORINÓPOLIS";12;"Vice-prefeito";1
"08/10/2024";"12:05:07";2024;2;"Eleição Ordinária";619;"Eleições Municipais 2024";"06/10/2024";"01/01/2025";"GO";"92177";"AMORINÓPOLIS";13;"Vereador";9
"08/10/2024";"12:05:07";2024;2;"Eleição Ordinária";619;"Eleições Municipais 2024";"06/10/2024";"01/01/2025";"GO";"92258";"ANICUNS";11;"Prefeito";1
"08/10/2024";"12:05:07";2024;2;"Eleição Ordinária";619;"Eleições Municipais 2024";"06/10/2024";"01/01/2025";"GO";"92258";"ANICUNS";12;"Vice-prefeito";1
"08/10/2024";"12:05:07";2024;2;"Eleição Ordinária";619;"Eleições Municipais 2024";"06/10/2024";"01/01/2025";"GO";"92258";"ANICUNS";13;"Vereador";11
"08/10/2024";"12:05:07";2024;2;"Eleição Ordinária";619;"Eleições Municipais 2024";"06/10/2024";"01/01/2025";"GO";"93009";"APARECIDA DO RIO DOCE";11;"Prefeito";1
"08/10/2024";"12:05:07";2024;2;"Eleição Ordinária";619;"Eleições Municipais 2024";"06/10/2024";"01/01/2025";"GO";"93009";"APARECIDA DO RIO DOCE";12;"Vice-prefeito";1
"08/10/2024";"12:05:07";2024;2;"Eleição Ordinária";619;"Eleições Municipais 2024";"06/10/2024";"01/01/2025";"GO";"93009";"APARECIDA DO RIO DOCE";13;"Vereador";9
"08/10/2024";"12:05:07";2024;2;"Eleição Ordinária";619;"Eleições Municipais 2024";"06/10/2024";"01/01/2025";"GO";"92290";"APORÉ";11;"Prefeito";1
"08/10/2024";"12:05:07";2024;2;"Eleição Ordinária";619;"Eleições Municipais 2024";"06/10/2024";"01/01/2025";"GO";"92290";"APORÉ";12;"Vice-prefeito";1
"08/10/2024";"12:05:07";2024;2;"Eleição Ordinária";619;"Eleições Municipais 2024";"06/10/2024";"01/01/2025";"GO";"92290";"APORÉ";13;"Vereador";9
"08/10/2024";"12:05:07";2024;2;"Eleição Ordinária";619;"Eleições Municipais 2024";"06/10/2024";"01/01/2025";"GO";"92339";"ARAGARÇAS";11;"Prefeito";1
"08/10/2024";"12:05:07";2024;2;"Eleição Ordinária";619;"Eleições Municipais 2024";"06/10/2024";"01/01/2025";"GO";"92339";"ARAGARÇAS";12;"Vice-prefeito";1
"08/10/2024";"12:05:07";2024;2;"Eleição Ordinária";619;"Eleições Municipais 2024";"06/10/2024";"01/01/2025";"GO";"92339";"ARAGARÇAS";13;"Vereador";11
"08/10/2024";"12:05:07";2024;2;"Eleição Ordinária";619;"Eleições Municipais 2024";"06/10/2024";"01/01/2025";"GO";"96695";"ARAGUAPAZ";11;"Prefeito";1
"08/10/2024";"12:05:07";2024;2;"Eleição Ordinária";619;"Eleições Municipais 2024";"06/10/2024";"01/01/2025";"GO";"96695";"ARAGUAPAZ";12;"Vice-prefeito";1
"08/10/2024";"12:05:07";2024;2;"Eleição Ordinária";619;"Eleições Municipais 2024";"06/10/2024";"01/01/2025";"GO";"96695";"ARAGUAPAZ";13;"Vereador";9
"08/10/2024";"12:05:07";2024;2;"Eleição Ordinária";619;"Eleições Municipais 2024";"06/10/2024";"01/01/2025";"GO";"92495";"ARUANÃ";11;"Prefeito";1
"08/10/2024";"12:05:07";2024;2;"Eleição Ordinária";619;"Eleições Municipais 2024";"06/10/2024";"01/01/2025";"GO";"92495";"ARUANÃ";12;"Vice-prefeito";1
"08/10/2024";"12:05:07";2024;2;"Eleição Ordinária";619;"Eleições Municipais 2024";"06/10/2024";"01/01/2025";"GO";"92495";"ARUANÃ";13;"Vereador";9
"08/10/2024";"12:05:07";2024;2;"Eleição Ordinária";619;"Eleições Municipais 2024";"06/10/2024";"01/01/2025";"GO";"92517";"AURILÂNDIA";11;"Prefeito";1
"08/10/2024";"12:05:07";2024;2;"Eleição Ordinária";619;"Eleições Municipais 2024";"06/10/2024";"01/01/2025";"GO";"92517";"AURILÂNDIA";12;"Vice-prefeito";1
"08/10/2024";"12:05:07";2024;2;"Eleição Ordinária";619;"Eleições Municipais 2024";"06/10/2024";"01/01/2025";"GO";"92517";"AURILÂNDIA";13;"Vereador";9
"08/10/2024";"12:05:07";2024;2;"Eleição Ordinária";619;"Eleições Municipais 2024";"06/10/2024";"01/01/2025";"GO";"92614";"BALIZA";11;"Prefeito";1
"08/10/2024";"12:05:07";2024;2;"Eleição Ordinária";619;"Eleições Municipais 2024";"06/10/2024";"01/01/2025";"GO";"92614";"BALIZA";12;"Vice-prefeito";1
"08/10/2024";"12:05:07";2024;2;"Eleição Ordinária";619;"Eleições Municipais 2024";"06/10/2024";"01/01/2025";"GO";"92614";"BALIZA";13;"Vereador";9
"08/10/2024";"12:05:07";2024;2;"Eleição Ordinária";619;"Eleições Municipais 2024";"06/10/2024";"01/01/2025";"GO";"92630";"BARRO ALTO";11;"Prefeito";1
"08/10/2024";"12:05:07";2024;2;"Eleição Ordinária";619;"Eleições Municipais 2024";"06/10/2024";"01/01/2025";"GO";"92630";"BARRO ALTO";12;"Vice-prefeito";1
"08/10/2024";"12:05:07";2024;2;"Eleição Ordinária";619;"Eleições Municipais 2024";"06/10/2024";"01/01/2025";"GO";"92630";"BARRO ALTO";13;"Vereador";9
"08/10/2024";"12:05:07";2024;2;"Eleição Ordinária";619;"Eleições Municipais 2024";"06/10/2024";"01/01/2025";"GO";"92673";"BOM JARDIM DE GOIÁS";11;"Prefeito";1
"08/10/2024";"12:05:07";2024;2;"Eleição Ordinária";619;"Eleições Municipais 2024";"06/10/2024";"01/01/2025";"GO";"92673";"BOM JARDIM DE GOIÁS";12;"Vice-prefeito";1
"08/10/2024";"12:05:07";2024;2;"Eleição Ordinária";619;"Eleições Municipais 2024";"06/10/2024";"01/01/2025";"GO";"92673";"BOM JARDIM DE GOIÁS";13;"Vereador";9
"08/10/2024";"12:05:07";2024;2;"Eleição Ordinária";619;"Eleições Municipais 2024";"06/10/2024";"01/01/2025";"GO";"92029";"BONFINÓPOLIS";11;"Prefeito";1
"08/10/2024";"12:05:07";2024;2;"Eleição Ordinária";619;"Eleições Municipais 2024";"06/10/2024";"01/01/2025";"GO";"92029";"BONFINÓPOLIS";12;"Vice-prefeito";1
"08/10/2024";"12:05:07";2024;2;"Eleição Ordinária";619;"Eleições Municipais 2024";"06/10/2024";"01/01/2025";"GO";"92029";"BONFINÓPOLIS";13;"Vereador";9
"08/10/2024";"12:05:07";2024;2;"Eleição Ordinária";619;"Eleições Municipais 2024";"06/10/2024";"01/01/2025";"GO";"92711";"BRAZABRANTES";11;"Prefeito";1
"08/10/2024";"12:05:07";2024;2;"Eleição Ordinária";619;"Eleições Municipais 2024";"06/10/2024";"01/01/2025";"GO";"92711";"BRAZABRANTES";12;"Vice-prefeito";1
"08/10/2024";"12:05:07";2024;2;"Eleição Ordinária";619;"Eleições Municipais 2024";"06/10/2024";"01/01/2025";"GO";"92711";"BRAZABRANTES";13;"Vereador";9
"08/10/2024";"12:05:07";2024;2;"Eleição Ordinária";619;"Eleições Municipais 2024";"06/10/2024";"01/01/2025";"GO";"92754";"BRITÂNIA";11;"Prefeito";1
"08/10/2024";"12:05:07";2024;2;"Eleição Ordinária";619;"Eleições Municipais 2024";"06/10/2024";"01/01/2025";"GO";"92754";"BRITÂNIA";12;"Vice-prefeito";1
"08/10/2024";"12:05:07";2024;2;"Eleição Ordinária";619;"Eleições Municipais 2024";"06/10/2024";"01/01/2025";"GO";"92754";"BRITÂNIA";13;"Vereador";9
"08/10/2024";"12:05:07";2024;2;"Eleição Ordinária";619;"Eleições Municipais 2024";"06/10/2024";"01/01/2025";"GO";"93106";"BURITI DE GOIÁS";11;"Prefeito";1
"08/10/2024";"12:05:07";2024;2;"Eleição Ordinária";619;"Eleições Municipais 2024";"06/10/2024";"01/01/2025";"GO";"93106";"BURITI DE GOIÁS";12;"Vice-prefeito";1
"08/10/2024";"12:05:07";2024;2;"Eleição Ordinária";619;"Eleições Municipais 2024";"06/10/2024";"01/01/2025";"GO";"93106";"BURITI DE GOIÁS";13;"Vereador";9
"08/10/2024";"12:05:07";2024;2;"Eleição Ordinária";619;"Eleições Municipais 2024";"06/10/2024";"01/01/2025";"GO";"93262";"BURITINÓPOLIS";11;"Prefeito";1
"08/10/2024";"12:05:07";2024;2;"Eleição Ordinária";619;"Eleições Municipais 2024";"06/10/2024";"01/01/2025";"GO";"93262";"BURITINÓPOLIS";12;"Vice-prefeito";1
"08/10/2024";"12:05:07";2024;2;"Eleição Ordinária";619;"Eleições Municipais 2024";"06/10/2024";"01/01/2025";"GO";"93262";"BURITINÓPOLIS";13;"Vereador";9
"08/10/2024";"12:05:07";2024;2;"Eleição Ordinária";619;"Eleições Municipais 2024";"06/10/2024";"01/01/2025";"GO";"92797";"CABECEIRAS";11;"Prefeito";1
"08/10/2024";"12:05:07";2024;2;"Eleição Ordinária";619;"Eleições Municipais 2024";"06/10/2024";"01/01/2025";"GO";"92797";"CABECEIRAS";12;"Vice-prefeito";1
"08/10/2024";"12:05:07";2024;2;"Eleição Ordinária";619;"Eleições Municipais 2024";"06/10/2024";"01/01/2025";"GO";"92797";"CABECEIRAS";13;"Vereador";9
"08/10/2024";"12:05:07";2024;2;"Eleição Ordinária";619;"Eleições Municipais 2024";"06/10/2024";"01/01/2025";"GO";"92819";"CACHOEIRA ALTA";11;"Prefeito";1
"08/10/2024";"12:05:07";2024;2;"Eleição Ordinária";619;"Eleições Municipais 2024";"06/10/2024";"01/01/2025";"GO";"92819";"CACHOEIRA ALTA";12;"Vice-prefeito";1
"08/10/2024";"12:05:07";2024;2;"Eleição Ordinária";619;"Eleições Municipais 2024";"06/10/2024";"01/01/2025";"GO";"92819";"CACHOEIRA ALTA";13;"Vereador";9
"08/10/2024";"12:05:07";2024;2;"Eleição Ordinária";619;"Eleições Municipais 2024";"06/10/2024";"01/01/2025";"GO";"96733";"CACHOEIRA DOURADA";11;"Prefeito";1
"08/10/2024";"12:05:07";2024;2;"Eleição Ordinária";619;"Eleições Municipais 2024";"06/10/2024";"01/01/2025";"GO";"96733";"CACHOEIRA DOURADA";12;"Vice-prefeito";1
"08/10/2024";"12:05:07";2024;2;"Eleição Ordinária";619;"Eleições Municipais 2024";"06/10/2024";"01/01/2024";"GO";"96733";"CACHOEIRA DOURADA";13;"Vereador";9
"08/10/2024";"12:05:07";2024;2;"Eleição Ordinária";619;"Eleições Municipais 2024";"06/10/2024";"01/01/2025";"GO";"92851";"CAÇU";11;"Prefeito";1
"08/10/2024";"12:05:07";2024;2;"Eleição Ordinária";619;"Eleições Municipais 2024";"06/10/2024";"01/01/2025";"GO";"92851";"CAÇU";12;"Vice-prefeito";1
"08/10/2024";"12:05:07";2024;2;"Eleição Ordinária";619;"Eleições Municipais 2024";"06/10/2024";"01/01/2025";"GO";"92851";"CAÇU";13;"Vereador";9
"08/10/2024";"12:05:07";2024;2;"Eleição Ordinária";619;"Eleições Municipais 2024";"06/10/2024";"01/01/2025";"GO";"93122";"CALDAZINHA";11;"Prefeito";1
"08/10/2024";"12:05:07";2024;2;"Eleição Ordinária";619;"Eleições Municipais 2024";"06/10/2024";"01/01/2025";"GO";"93122";"CALDAZINHA";12;"Vice-prefeito";1
"08/10/2024";"12:05:07";2024;2;"Eleição Ordinária";619;"Eleições Municipais 2024";"06/10/2024";"01/01/2025";"GO";"93122";"CALDAZINHA";13;"Vereador";9
"08/10/2024";"12:05:07";2024;2;"Eleição Ordinária";619;"Eleições Municipais 2024";"06/10/2024";"01/01/2025";"GO";"92916";"CAMPESTRE DE GOIÁS";11;"Prefeito";1
"08/10/2024";"12:05:07";2024;2;"Eleição Ordinária";619;"Eleições Municipais 2024";"06/10/2024";"01/01/2025";"GO";"92916";"CAMPESTRE DE GOIÁS";12;"Vice-prefeito";1
"08/10/2024";"12:05:07";2024;2;"Eleição Ordinária";619;"Eleições Municipais 2024";"06/10/2024";"01/01/2025";"GO";"92916";"CAMPESTRE DE GOIÁS";13;"Vereador";9
"08/10/2024";"12:05:07";2024;2;"Eleição Ordinária";619;"Eleições Municipais 2024";"06/10/2024";"01/01/2025";"GO";"93580";"CAMPO LIMPO DE GOIÁS";11;"Prefeito";1
"08/10/2024";"12:05:07";2024;2;"Eleição Ordinária";619;"Eleições Municipais 2024";"06/10/2024";"01/01/2025";"GO";"93580";"CAMPO LIMPO DE GOIÁS";12;"Vice-prefeito";1
"08/10/2024";"12:05:07";2024;2;"Eleição Ordinária";619;"Eleições Municipais 2024";"06/10/2024";"01/01/2025";"GO";"93580";"CAMPO LIMPO DE GOIÁS";13;"Vereador";9
"08/10/2024";"12:05:07";2024;2;"Eleição Ordinária";619;"Eleições Municipais 2024";"06/10/2024";"01/01/2025";"GO";"92975";"CAMPOS BELOS";11;"Prefeito";1
"08/10/2024";"12:05:07";2024;2;"Eleição Ordinária";619;"Eleições Municipais 2024";"06/10/2024";"01/01/2025";"GO";"92975";"CAMPOS BELOS";12;"Vice-prefeito";1
"08/10/2024";"12:05:07";2024;2;"Eleição Ordinária";619;"Eleições Municipais 2024";"06/10/2024";"01/01/2025";"GO";"92975";"CAMPOS BELOS";13;"Vereador";11
"08/10/2024";"12:05:07";2024;2;"Eleição Ordinária";619;"Eleições Municipais 2024";"06/10/2024";"01/01/2025";"GO";"92967";"CASTELÂNDIA";11;"Prefeito";1
"08/10/2024";"12:05:07";2024;2;"Eleição Ordinária";619;"Eleições Municipais 2024";"06/10/2024";"01/01/2025";"GO";"92967";"CASTELÂNDIA";12;"Vice-prefeito";1
"08/10/2024";"12:05:07";2024;2;"Eleição Ordinária";619;"Eleições Municipais 2024";"06/10/2024";"01/01/2025";"GO";"92967";"CASTELÂNDIA";13;"Vereador";9
"08/10/2024";"12:05:07";2024;2;"Eleição Ordinária";619;"Eleições Municipais 2024";"06/10/2024";"01/01/2025";"GO";"93017";"CATALÃO";11;"Prefeito";1
"08/10/2024";"12:05:07";2024;2;"Eleição Ordinária";619;"Eleições Municipais 2024";"06/10/2024";"01/01/2025";"GO";"93017";"CATALÃO";12;"Vice-prefeito";1
"08/10/2024";"12:05:07";2024;2;"Eleição Ordinária";619;"Eleições Municipais 2024";"06/10/2024";"01/01/2025";"GO";"93017";"CATALÃO";13;"Vereador";17
"08/10/2024";"12:05:07";2024;2;"Eleição Ordinária";619;"Eleições Municipais 2024";"06/10/2024";"01/01/2025";"GO";"93033";"CATURAÍ";11;"Prefeito";1
"08/10/2024";"12:05:07";2024;2;"Eleição Ordinária";619;"Eleições Municipais 2024";"06/10/2024";"01/01/2025";"GO";"93033";"CATURAÍ";12;"Vice-prefeito";1
"08/10/2024";"12:05:07";2024;2;"Eleição Ordinária";619;"Eleições Municipais 2024";"06/10/2024";"01/01/2025";"GO";"93033";"CATURAÍ";13;"Vereador";9
"08/10/2024";"12:05:07";2024;2;"Eleição Ordinária";619;"Eleições Municipais 2024";"06/10/2024";"01/01/2025";"GO";"92100";"CEZARINA";11;"Prefeito";1
"08/10/2024";"12:05:07";2024;2;"Eleição Ordinária";619;"Eleições Municipais 2024";"06/10/2024";"01/01/2025";"GO";"92100";"CEZARINA";12;"Vice-prefeito";1
"08/10/2024";"12:05:07";2024;2;"Eleição Ordinária";619;"Eleições Municipais 2024";"06/10/2024";"01/01/2025";"GO";"92100";"CEZARINA";13;"Vereador";9
"08/10/2024";"12:05:07";2024;2;"Eleição Ordinária";619;"Eleições Municipais 2024";"06/10/2024";"01/01/2025";"GO";"92924";"CHAPADÃO DO CÉU";11;"Prefeito";1
"08/10/2024";"12:05:07";2024;2;"Eleição Ordinária";619;"Eleições Municipais 2024";"06/10/2024";"01/01/2025";"GO";"92924";"CHAPADÃO DO CÉU";12;"Vice-prefeito";1
"08/10/2024";"12:05:07";2024;2;"Eleição Ordinária";619;"Eleições Municipais 2024";"06/10/2024";"01/01/2025";"GO";"92924";"CHAPADÃO DO CÉU";13;"Vereador";9
"08/10/2024";"12:05:07";2024;2;"Eleição Ordinária";619;"Eleições Municipais 2024";"06/10/2024";"01/01/2025";"GO";"92010";"ABADIÂNIA";11;"Prefeito";1
"08/10/2024";"12:05:07";2024;2;"Eleição Ordinária";619;"Eleições Municipais 2024";"06/10/2024";"01/01/2025";"GO";"92010";"ABADIÂNIA";12;"Vice-prefeito";1
"08/10/2024";"12:05:07";2024;2;"Eleição Ordinária";619;"Eleições Municipais 2024";"06/10/2024";"01/01/2025";"GO";"92010";"ABADIÂNIA";13;"Vereador";11
"08/10/2024";"12:05:07";2024;2;"Eleição Ordinária";619;"Eleições Municipais 2024";"06/10/2024";"01/01/2025";"GO";"92037";"ÁGUA LIMPA";11;"Prefeito";1
"08/10/2024";"12:05:07";2024;2;"Eleição Ordinária";619;"Eleições Municipais 2024";"06/10/2024";"01/01/2025";"GO";"92037";"ÁGUA LIMPA";12;"Vice-prefeito";1
"08/10/2024";"12:05:07";2024;2;"Eleição Ordinária";619;"Eleições Municipais 2024";"06/10/2024";"01/01/2025";"GO";"92037";"ÁGUA LIMPA";13;"Vereador";9
"08/10/2024";"12:05:07";2024;2;"Eleição Ordinária";619;"Eleições Municipais 2024";"06/10/2024";"01/01/2025";"GO";"92061";"CAMPOS VERDES";11;"Prefeito";1
"08/10/2024";"12:05:07";2024;2;"Eleição Ordinária";619;"Eleições Municipais 2024";"06/10/2024";"01/01/2025";"GO";"92061";"CAMPOS VERDES";12;"Vice-prefeito";1
"08/10/2024";"12:05:07";2024;2;"Eleição Ordinária";619;"Eleições Municipais 2024";"06/10/2024";"01/01/2025";"GO";"92061";"CAMPOS VERDES";13;"Vereador";9
"08/10/2024";"12:05:07";2024;2;"Eleição Ordinária";619;"Eleições Municipais 2024";"06/10/2024";"01/01/2025";"GO";"92118";"ALTO PARAÍSO DE GOIÁS";11;"Prefeito";1
"08/10/2024";"12:05:07";2024;2;"Eleição Ordinária";619;"Eleições Municipais 2024";"06/10/2024";"01/01/2025";"GO";"92118";"ALTO PARAÍSO DE GOIÁS";12;"Vice-prefeito";1
"08/10/2024";"12:05:07";2024;2;"Eleição Ordinária";619;"Eleições Municipais 2024";"06/10/2024";"01/01/2025";"GO";"92118";"ALTO PARAÍSO DE GOIÁS";13;"Vereador";9
"08/10/2024";"12:05:07";2024;2;"Eleição Ordinária";619;"Eleições Municipais 2024";"06/10/2024";"01/01/2025";"GO";"92169";"MORRO AGUDO DE GOIÁS";11;"Prefeito";1
"08/10/2024";"12:05:07";2024;2;"Eleição Ordinária";619;"Eleições Municipais 2024";"06/10/2024";"01/01/2025";"GO";"92169";"MORRO AGUDO DE GOIÁS";12;"Vice-prefeito";1
"08/10/2024";"12:05:07";2024;2;"Eleição Ordinária";619;"Eleições Municipais 2024";"06/10/2024";"01/01/2025";"GO";"92169";"MORRO AGUDO DE GOIÁS";13;"Vereador";9
"08/10/2024";"12:05:07";2024;2;"Eleição Ordinária";619;"Eleições Municipais 2024";"06/10/2024";"01/01/2025";"GO";"92215";"ANÁPOLIS";11;"Prefeito";1
"08/10/2024";"12:05:07";2024;2;"Eleição Ordinária";619;"Eleições Municipais 2024";"06/10/2024";"01/01/2025";"GO";"92215";"ANÁPOLIS";12;"Vice-prefeito";1
"08/10/2024";"12:05:07";2024;2;"Eleição Ordinária";619;"Eleições Municipais 2024";"06/10/2024";"01/01/2025";"GO";"92215";"ANÁPOLIS";13;"Vereador";23
"08/10/2024";"12:05:07";2024;2;"Eleição Ordinária";619;"Eleições Municipais 2024";"06/10/2024";"01/01/2025";"GO";"92231";"ANHANGÜERA";11;"Prefeito";1
"08/10/2024";"12:05:07";2024;2;"Eleição Ordinária";619;"Eleições Municipais 2024";"06/10/2024";"01/01/2025";"GO";"92231";"ANHANGÜERA";12;"Vice-prefeito";1
"08/10/2024";"12:05:07";2024;2;"Eleição Ordinária";619;"Eleições Municipais 2024";"06/10/2024";"01/01/2025";"GO";"92231";"ANHANGÜERA";13;"Vereador";9
"08/10/2024";"12:05:07";2024;2;"Eleição Ordinária";619;"Eleições Municipais 2024";"06/10/2024";"01/01/2025";"GO";"92274";"APARECIDA DE GOIÂNIA";11;"Prefeito";1
"08/10/2024";"12:05:07";2024;2;"Eleição Ordinária";619;"Eleições Municipais 2024";"06/10/2024";"01/01/2025";"GO";"92274";"APARECIDA DE GOIÂNIA";12;"Vice-prefeito";1
"08/10/2024";"12:05:07";2024;2;"Eleição Ordinária";619;"Eleições Municipais 2024";"06/10/2024";"01/01/2015";"GO";"92274";"APARECIDA DE GOIÂNIA";13;"Vereador";25
"08/10/2024";"12:05:07";2024;2;"Eleição Ordinária";619;"Eleições Municipais 2024";"06/10/2024";"01/01/2025";"GO";"92312";"ARAÇU";11;"Prefeito";1
"08/10/2024";"12:05:07";2024;2;"Eleição Ordinária";619;"Eleições Municipais 2024";"06/10/2024";"01/01/2025";"GO";"92312";"ARAÇU";12;"Vice-prefeito";1
"08/10/2024";"12:05:07";2024;2;"Eleição Ordinária";619;"Eleições Municipais 2024";"06/10/2024";"01/01/2025";"GO";"92312";"ARAÇU";13;"Vereador";9
"08/10/2024";"12:05:07";2024;2;"Eleição Ordinária";619;"Eleições Municipais 2024";"06/10/2024";"01/01/2025";"GO";"92355";"ARAGOIÂNIA";11;"Prefeito";1
"08/10/2024";"12:05:07";2024;2;"Eleição Ordinária";619;"Eleições Municipais 2024";"06/10/2024";"01/01/2025";"GO";"92355";"ARAGOIÂNIA";12;"Vice-prefeito";1
"08/10/2024";"12:05:07";2024;2;"Eleição Ordinária";619;"Eleições Municipais 2024";"06/10/2024";"01/01/2025";"GO";"92355";"ARAGOIÂNIA";13;"Vereador";9
"08/10/2024";"12:05:07";2024;2;"Eleição Ordinária";619;"Eleições Municipais 2024";"06/10/2024";"01/01/2025";"GO";"92460";"PALESTINA DE GOIÁS";11;"Prefeito";1
"08/10/2024";"12:05:07";2024;2;"Eleição Ordinária";619;"Eleições Municipais 2024";"06/10/2024";"01/01/2025";"GO";"92460";"PALESTINA DE GOIÁS";12;"Vice-prefeito";1
"08/10/2024";"12:05:07";2024;2;"Eleição Ordinária";619;"Eleições Municipais 2024";"06/10/2024";"01/01/2025";"GO";"92460";"PALESTINA DE GOIÁS";13;"Vereador";9
"08/10/2024";"12:05:07";2024;2;"Eleição Ordinária";619;"Eleições Municipais 2024";"06/10/2024";"01/01/2025";"GO";"92550";"AVELINÓPOLIS";11;"Prefeito";1
"08/10/2024";"12:05:07";2024;2;"Eleição Ordinária";619;"Eleições Municipais 2024";"06/10/2024";"01/01/2025";"GO";"92550";"AVELINÓPOLIS";12;"Vice-prefeito";1
"08/10/2024";"12:05:07";2024;2;"Eleição Ordinária";619;"Eleições Municipais 2024";"06/10/2024";"01/01/2025";"GO";"92550";"AVELINÓPOLIS";13;"Vereador";9
"08/10/2024";"12:05:07";2024;2;"Eleição Ordinária";619;"Eleições Municipais 2024";"06/10/2024";"01/01/2025";"GO";"92657";"BELA VISTA DE GOIÁS";11;"Prefeito";1
"08/10/2024";"12:05:07";2024;2;"Eleição Ordinária";619;"Eleições Municipais 2024";"06/10/2024";"01/01/2025";"GO";"92657";"BELA VISTA DE GOIÁS";12;"Vice-prefeito";1
"08/10/2024";"12:05:07";2024;2;"Eleição Ordinária";619;"Eleições Municipais 2024";"06/10/2024";"01/01/2025";"GO";"92657";"BELA VISTA DE GOIÁS";13;"Vereador";13
"08/10/2024";"12:05:07";2024;2;"Eleição Ordinária";619;"Eleições Municipais 2024";"06/10/2024";"01/01/2025";"GO";"92690";"BOM JESUS DE GOIÁS";11;"Prefeito";1
"08/10/2024";"12:05:07";2024;2;"Eleição Ordinária";619;"Eleições Municipais 2024";"06/10/2024";"01/01/2025";"GO";"92690";"BOM JESUS DE GOIÁS";12;"Vice-prefeito";1
"08/10/2024";"12:05:07";2024;2;"Eleição Ordinária";619;"Eleições Municipais 2024";"06/10/2024";"01/01/2025";"GO";"92690";"BOM JESUS DE GOIÁS";13;"Vereador";11
"08/10/2024";"12:05:07";2024;2;"Eleição Ordinária";619;"Eleições Municipais 2024";"06/10/2024";"01/01/2025";"GO";"92770";"BURITI ALEGRE";11;"Prefeito";1
"08/10/2024";"12:05:07";2024;2;"Eleição Ordinária";619;"Eleições Municipais 2024";"06/10/2024";"01/01/2025";"GO";"92770";"BURITI ALEGRE";12;"Vice-prefeito";1
"08/10/2024";"12:05:07";2024;2;"Eleição Ordinária";619;"Eleições Municipais 2024";"06/10/2024";"01/01/2025";"GO";"92770";"BURITI ALEGRE";13;"Vereador";9
